0.000000	0.600000	14.500000	-2980.370654
0.000000	1.400000	14.500000	-2980.370654
0.200000	0.400000	15.000000	-2976.476440
0.400000	0.200000	15.000000	-2960.594866
2.000000	0.600000	14.500000	-2894.907661
1.600000	1.800000	15.000000	-2855.124049
1.800000	1.600000	15.000000	-2812.297752
0.000000	0.600000	15.000000	-2804.367097
0.000000	1.400000	15.000000	-2804.367097
2.000000	0.600000	15.000000	-2752.726413
0.200000	0.400000	14.500000	-2748.259815
0.200000	0.200000	15.500000	-2684.345776
0.600000	0.000000	14.500000	-2661.950232
0.600000	2.000000	14.500000	-2661.950232
0.000000	0.400000	15.000000	-2659.083057
0.000000	1.600000	15.000000	-2659.083057
1.400000	1.200000	16.000000	-2654.999092
0.600000	0.800000	16.000000	-2654.358935
0.000000	0.400000	15.500000	-2641.961832
0.000000	1.600000	15.500000	-2641.961832
2.000000	1.400000	15.000000	-2639.682827
1.800000	1.800000	15.500000	-2635.614514
2.000000	0.400000	15.000000	-2627.993107
0.200000	0.400000	15.500000	-2626.501663
0.600000	0.000000	15.000000	-2621.540931
0.600000	2.000000	15.000000	-2621.540931
2.000000	0.400000	15.500000	-2618.561225
0.600000	1.200000	14.500000	-2613.621311
0.000000	0.200000	15.500000	-2605.993976
0.000000	1.800000	15.500000	-2605.993976
2.000000	0.200000	15.500000	-2605.647361
1.800000	1.600000	15.500000	-2592.194978
2.000000	1.800000	15.500000	-2589.622620
0.800000	1.200000	14.500000	-2588.224701
0.800000	1.200000	15.000000	-2581.723820
1.200000	0.600000	14.500000	-2581.299506
1.600000	1.600000	15.000000	-2580.630037
1.800000	1.400000	15.000000	-2579.701986
2.000000	1.600000	15.500000	-2579.498600
1.400000	0.000000	15.000000	-2578.746045
1.400000	2.000000	15.000000	-2578.746045
0.400000	0.200000	15.500000	-2564.612578
0.800000	0.600000	16.000000	-2556.783552
0.200000	0.600000	15.000000	-2551.155788
0.400000	0.200000	14.500000	-2544.751976
1.400000	0.000000	14.500000	-2534.961876
1.400000	2.000000	14.500000	-2534.961876
1.400000	0.200000	15.000000	-2532.868894
1.200000	0.800000	15.000000	-2531.851488
1.600000	1.800000	15.500000	-2531.075353
0.400000	0.400000	15.000000	-2528.986007
1.200000	1.400000	16.000000	-2524.852009
0.400000	0.000000	15.000000	-2518.734255
0.400000	2.000000	15.000000	-2518.734255
0.600000	1.800000	15.000000	-2517.574425
0.600000	1.400000	14.500000	-2509.424900
1.400000	0.400000	15.000000	-2492.370851
1.600000	0.000000	15.000000	-2491.374693
1.600000	2.000000	15.000000	-2491.374693
0.800000	1.000000	15.000000	-2488.277215
2.000000	0.200000	16.000000	-2487.306916
0.000000	0.200000	16.000000	-2483.240574
0.000000	1.800000	16.000000	-2483.240574
0.800000	1.400000	14.500000	-2480.926365
0.000000	0.000000	16.000000	-2480.821049
0.000000	2.000000	16.000000	-2480.821049
1.800000	1.800000	16.000000	-2480.738648
2.000000	0.000000	16.000000	-2479.291265
2.000000	2.000000	16.000000	-2479.291265
0.200000	0.200000	16.000000	-2478.177643
0.400000	0.000000	15.500000	-2477.974170
0.400000	2.000000	15.500000	-2477.974170
1.000000	0.800000	15.000000	-2473.224204
0.200000	0.200000	15.000000	-2471.243859
2.000000	1.800000	16.000000	-2470.602496
0.800000	0.800000	16.000000	-2469.813912
1.600000	0.000000	15.500000	-2464.270274
1.600000	2.000000	15.500000	-2464.270274
1.200000	0.600000	15.000000	-2462.856659
0.600000	1.600000	15.000000	-2461.533777
2.000000	1.600000	15.000000	-2459.603486
1.800000	0.200000	16.000000	-2458.906907
0.200000	1.800000	16.000000	-2451.727202
1.200000	1.200000	16.000000	-2450.750967
1.000000	1.000000	15.000000	-2450.277996
0.200000	0.000000	16.000000	-2441.152535
0.200000	2.000000	16.000000	-2441.152535
1.800000	0.600000	15.000000	-2440.451633
1.800000	0.000000	16.000000	-2434.921682
1.800000	2.000000	16.000000	-2434.921682
1.000000	1.000000	15.500000	-2432.310989
0.200000	1.400000	15.000000	-2419.825367
1.000000	1.000000	16.000000	-2417.982972
1.200000	1.000000	16.000000	-2417.406484
1.600000	1.000000	16.000000	-2417.386724
1.800000	0.000000	15.500000	-2414.655164
1.800000	2.000000	15.500000	-2414.655164
1.400000	0.600000	15.000000	-2411.819929
0.200000	0.000000	15.500000	-2411.135790
0.200000	2.000000	15.500000	-2411.135790
0.000000	0.600000	15.500000	-2409.652860
0.000000	1.400000	15.500000	-2409.652860
1.000000	0.800000	16.000000	-2409.333094
1.200000	0.800000	15.500000	-2396.587387
2.000000	0.400000	16.000000	-2395.931098
2.000000	0.600000	15.500000	-2394.681446
0.800000	1.000000	16.000000	-2394.324546
1.000000	1.200000	16.000000	-2394.322068
1.000000	0.800000	15.500000	-2391.857239
0.800000	1.400000	15.000000	-2391.685131
0.000000	0.400000	16.000000	-2389.344086
0.000000	1.600000	16.000000	-2389.344086
1.400000	1.000000	16.000000	-2386.805090
0.200000	0.400000	16.000000	-2385.756648
2.000000	1.600000	16.000000	-2383.596876
0.600000	1.400000	15.000000	-2381.676198
1.800000	1.600000	16.000000	-2376.847673
1.600000	1.200000	16.000000	-2376.132660
1.800000	1.800000	15.000000	-2375.580209
0.400000	1.000000	16.000000	-2374.323522
1.600000	1.600000	15.500000	-2373.843895
2.000000	1.400000	15.500000	-2372.302931
1.400000	0.600000	15.500000	-2370.369997
0.600000	1.200000	15.000000	-2367.359206
0.200000	0.600000	14.500000	-2367.019889
0.800000	0.800000	15.500000	-2365.649911
0.600000	1.000000	16.000000	-2362.948803
0.800000	1.000000	15.500000	-2359.263539
1.200000	1.000000	15.500000	-2358.339316
0.200000	1.400000	14.500000	-2358.167786
1.800000	0.400000	15.500000	-2357.348878
0.800000	1.200000	15.500000	-2352.762296
1.000000	0.600000	16.000000	-2350.785893
0.400000	1.200000	14.500000	-2343.151195
1.800000	0.400000	16.000000	-2342.533794
1.200000	1.200000	15.500000	-2342.133892
0.400000	0.400000	15.500000	-2339.774206
1.200000	0.800000	16.000000	-2336.024541
1.800000	1.400000	15.500000	-2335.949576
1.000000	1.200000	15.500000	-2335.334394
2.000000	0.000000	15.500000	-2333.612195
2.000000	2.000000	15.500000	-2333.612195
1.800000	0.800000	15.000000	-2330.596573
1.200000	0.400000	15.000000	-2330.156754
1.800000	1.000000	16.000000	-2329.986923
1.600000	0.200000	15.500000	-2327.406630
0.400000	1.800000	15.500000	-2325.695128
1.600000	0.600000	15.000000	-2324.920354
0.600000	1.400000	15.500000	-2324.631890
0.400000	0.800000	16.000000	-2324.589400
0.200000	1.600000	15.500000	-2323.365140
1.600000	1.800000	16.000000	-2322.652818
1.000000	1.200000	15.000000	-2320.532837
1.400000	1.400000	16.000000	-2320.224917
0.400000	0.200000	16.000000	-2316.982839
0.200000	1.600000	16.000000	-2312.968025
1.800000	0.800000	15.500000	-2309.416041
1.600000	0.400000	16.000000	-2308.036506
0.000000	0.000000	15.500000	-2307.728646
0.000000	2.000000	15.500000	-2307.728646
1.400000	0.200000	15.500000	-2304.623206
1.800000	0.600000	14.500000	-2299.354802
0.200000	0.600000	15.500000	-2296.604475
0.600000	1.800000	15.500000	-2296.094284
0.800000	1.200000	16.000000	-2294.938098
0.400000	1.400000	15.000000	-2294.188404
1.000000	1.400000	16.000000	-2294.172666
0.200000	1.000000	16.000000	-2293.809114
0.400000	1.600000	16.000000	-2290.653372
1.600000	0.000000	16.000000	-2288.417354
1.600000	2.000000	16.000000	-2288.417354
0.600000	0.000000	15.500000	-2287.992468
0.600000	2.000000	15.500000	-2287.992468
1.400000	0.000000	15.500000	-2287.657827
1.400000	2.000000	15.500000	-2287.657827
1.400000	1.800000	15.000000	-2286.950891
1.000000	0.400000	16.000000	-2285.163475
1.800000	0.600000	15.500000	-2283.996305
1.600000	0.200000	16.000000	-2283.343649
1.400000	0.800000	16.000000	-2277.991679
1.200000	0.600000	15.500000	-2277.716556
0.400000	0.000000	16.000000	-2276.806695
0.400000	2.000000	16.000000	-2276.806695
0.400000	1.800000	16.000000	-2276.191044
1.600000	1.600000	16.000000	-2274.829966
0.600000	0.600000	16.000000	-2269.651114
1.800000	0.600000	16.000000	-2269.416589
1.400000	0.800000	15.000000	-2266.915345
0.200000	1.200000	15.000000	-2265.838952
1.400000	0.800000	15.500000	-2265.292708
1.400000	1.000000	15.500000	-2261.578632
0.600000	0.200000	15.000000	-2260.097856
1.200000	1.000000	15.000000	-2259.947996
0.400000	0.400000	16.000000	-2259.876685
0.800000	1.600000	15.000000	-2259.376986
2.000000	0.600000	16.000000	-2257.143453
1.400000	0.400000	15.500000	-2255.931256
2.000000	0.800000	15.000000	-2254.028359
1.200000	0.600000	16.000000	-2253.794246
2.000000	0.800000	15.500000	-2252.454952
1.800000	0.800000	16.000000	-2250.732289
0.200000	1.400000	15.500000	-2248.053443
1.400000	1.800000	15.500000	-2242.052262
1.400000	0.600000	16.000000	-2241.550487
0.200000	1.200000	15.500000	-2238.914877
0.200000	1.400000	16.000000	-2236.186468
0.000000	0.600000	16.000000	-2235.613874
0.000000	1.400000	16.000000	-2235.613874
2.000000	0.800000	14.500000	-2230.284046
2.000000	1.400000	16.000000	-2229.651428
0.600000	1.600000	15.500000	-2227.056640
1.000000	1.600000	16.000000	-2223.780230
1.600000	1.000000	15.500000	-2223.663535
0.800000	1.400000	15.500000	-2223.384711
1.800000	1.400000	16.000000	-2222.115005
1.600000	0.800000	16.000000	-2221.567004
0.600000	1.200000	15.500000	-2217.959101
2.000000	1.200000	15.000000	-2217.759893
2.000000	1.200000	15.500000	-2216.732898
0.600000	1.200000	16.000000	-2216.270581
0.600000	0.200000	15.500000	-2213.724471
1.800000	0.200000	15.500000	-2213.543888
0.600000	1.000000	15.500000	-2213.143603
1.800000	1.200000	16.000000	-2212.588236
0.000000	0.800000	15.500000	-2211.658642
0.000000	1.200000	15.500000	-2211.658642
0.800000	1.400000	16.000000	-2208.150968
0.200000	1.200000	16.000000	-2204.988944
0.200000	0.600000	16.000000	-2204.385931
1.600000	1.400000	16.000000	-2203.882262
1.000000	0.600000	15.500000	-2201.870152
0.400000	1.200000	15.000000	-2201.566659
1.600000	0.800000	15.000000	-2200.794865
1.600000	0.600000	15.500000	-2199.044043
1.600000	0.600000	16.000000	-2197.748001
0.600000	1.400000	16.000000	-2193.643805
0.000000	0.800000	15.000000	-2192.650701
0.000000	1.200000	15.000000	-2192.650701
0.200000	1.800000	15.500000	-2180.871917
1.600000	0.400000	15.500000	-2178.228439
1.400000	1.200000	15.500000	-2173.980494
0.000000	0.800000	14.500000	-2169.962917
0.000000	1.200000	14.500000	-2169.962917
0.200000	0.800000	16.000000	-2168.281373
1.400000	0.400000	16.000000	-2167.966640
1.600000	0.800000	15.500000	-2165.686426
1.200000	0.400000	16.000000	-2164.787663
2.000000	0.800000	16.000000	-2164.265322
1.400000	0.600000	14.500000	-2160.612583
0.400000	1.200000	16.000000	-2159.204960
2.000000	1.200000	16.000000	-2152.345502
0.400000	0.600000	16.000000	-2148.811539
1.600000	1.400000	15.500000	-2146.077997
1.200000	0.400000	15.500000	-2145.770410
0.000000	0.800000	16.000000	-2145.121708
0.000000	1.200000	16.000000	-2145.121708
0.400000	1.400000	16.000000	-2143.428370
0.400000	1.600000	15.500000	-2142.514846
0.600000	1.600000	16.000000	-2138.997283
0.800000	1.000000	14.500000	-2137.058099
1.400000	0.200000	16.000000	-2136.152966
2.000000	1.000000	16.000000	-2133.760805
1.000000	1.400000	15.500000	-2133.554891
1.400000	0.000000	16.000000	-2130.959762
1.400000	2.000000	16.000000	-2130.959762
0.400000	1.400000	15.500000	-2128.783661
1.400000	1.600000	16.000000	-2128.089653
0.400000	1.000000	15.500000	-2127.908129
0.000000	1.000000	16.000000	-2120.875070
0.800000	1.600000	16.000000	-2120.264234
0.200000	1.200000	14.500000	-2115.577619
0.600000	1.800000	16.000000	-2114.359007
0.400000	1.400000	14.500000	-2107.889556
0.600000	0.000000	16.000000	-2099.402927
0.600000	2.000000	16.000000	-2099.402927
0.600000	1.000000	15.000000	-2099.292998
1.400000	1.800000	16.000000	-2098.260486
1.200000	1.600000	16.000000	-2095.578658
0.400000	1.200000	15.500000	-2087.330445
1.800000	1.200000	15.500000	-2087.122865
0.600000	0.800000	15.500000	-2084.260936
0.800000	0.400000	16.000000	-2083.617365
0.600000	0.400000	16.000000	-2081.268154
0.800000	1.600000	15.500000	-2076.262888
1.400000	0.200000	14.500000	-2070.653843
0.600000	0.200000	16.000000	-2069.593325
1.400000	0.400000	14.500000	-2066.534093
1.200000	0.200000	15.500000	-2058.145076
1.600000	1.800000	14.500000	-2049.540948
0.800000	0.800000	15.000000	-2048.542469
1.800000	0.800000	14.500000	-2047.364763
1.800000	1.000000	15.500000	-2047.352022
1.600000	0.400000	15.000000	-2040.310375
1.600000	1.200000	15.500000	-2037.453355
1.200000	0.200000	16.000000	-2033.513211
0.800000	1.800000	15.000000	-2026.667365
1.400000	1.600000	15.500000	-2025.615974
0.800000	1.800000	15.500000	-2013.101238
1.400000	1.400000	15.500000	-2008.995338
1.800000	0.400000	15.000000	-2007.018413
1.200000	0.200000	15.000000	-2006.115043
0.400000	0.600000	15.500000	-2003.916444
2.000000	1.200000	14.500000	-1992.958159
1.200000	1.400000	15.500000	-1985.264293
1.400000	1.000000	15.000000	-1983.265915
0.800000	1.800000	16.000000	-1983.151822
1.000000	0.600000	15.000000	-1980.236827
1.800000	1.200000	15.000000	-1979.292261
1.000000	0.800000	14.500000	-1970.765482
0.600000	1.800000	14.500000	-1963.751961
0.200000	0.800000	15.500000	-1958.653508
1.600000	1.400000	15.000000	-1952.486296
0.800000	0.600000	15.500000	-1952.028640
0.400000	1.600000	15.000000	-1944.061807
1.200000	0.400000	14.500000	-1940.411670
1.200000	0.000000	16.000000	-1938.082583
1.200000	2.000000	16.000000	-1938.082583
2.000000	1.000000	14.500000	-1928.640835
2.000000	1.000000	15.500000	-1928.411930
0.200000	1.600000	15.000000	-1918.451320
0.600000	0.400000	15.500000	-1913.908538
0.800000	1.600000	14.500000	-1906.804664
0.200000	1.000000	15.500000	-1906.373077
1.000000	0.400000	15.500000	-1899.137653
2.000000	1.000000	15.000000	-1895.525418
0.800000	0.000000	16.000000	-1894.868194
0.800000	2.000000	16.000000	-1894.868194
1.000000	1.400000	15.000000	-1894.701194
1.200000	1.200000	15.000000	-1894.545405
1.800000	1.000000	15.000000	-1894.335347
0.600000	1.600000	14.500000	-1890.006679
1.000000	0.200000	16.000000	-1885.615481
1.200000	1.800000	16.000000	-1870.182165
1.000000	1.600000	15.500000	-1864.235874
0.600000	0.600000	15.500000	-1864.012599
0.400000	0.800000	15.500000	-1861.549744
1.000000	1.800000	16.000000	-1861.445358
1.800000	1.400000	14.500000	-1857.074983
1.600000	0.200000	15.000000	-1855.018776
0.000000	1.000000	15.500000	-1848.918486
0.800000	0.200000	16.000000	-1846.826693
1.600000	0.600000	14.500000	-1816.191697
0.600000	0.200000	14.500000	-1785.044702
0.000000	1.000000	15.000000	-1760.417745
0.000000	1.000000	14.500000	-1759.173053
0.200000	0.800000	15.000000	-1758.335106
0.400000	1.800000	15.000000	-1748.199762
1.000000	0.000000	16.000000	-1747.711447
1.000000	2.000000	16.000000	-1747.711447
0.400000	0.600000	15.000000	-1738.712358
1.400000	1.800000	14.500000	-1725.298304
1.200000	0.000000	15.500000	-1714.659200
1.200000	2.000000	15.500000	-1714.659200
1.200000	1.600000	15.500000	-1708.924544
0.800000	0.000000	15.500000	-1702.344456
0.800000	2.000000	15.500000	-1702.344456
0.400000	0.400000	14.500000	-1686.829259
0.800000	1.800000	14.500000	-1679.357291
2.000000	1.400000	14.500000	-1676.684665
1.200000	1.800000	15.500000	-1666.178607
0.800000	0.000000	14.500000	-1663.753616
0.800000	2.000000	14.500000	-1663.753616
0.200000	1.000000	15.000000	-1660.443572
1.400000	1.600000	15.000000	-1656.377365
0.800000	0.000000	15.000000	-1635.500398
0.800000	2.000000	15.000000	-1635.500398
1.600000	1.000000	15.000000	-1630.809291
0.600000	1.200000	14.000000	-1620.769847
0.800000	0.400000	15.500000	-1619.656909
1.200000	0.000000	15.000000	-1609.758159
1.200000	2.000000	15.000000	-1609.758159
0.800000	0.200000	15.500000	-1587.125602
1.200000	0.000000	14.500000	-1580.834068
1.200000	2.000000	14.500000	-1580.834068
1.200000	0.200000	14.500000	-1551.958335
1.200000	0.800000	14.500000	-1533.590694
1.000000	1.000000	14.500000	-1533.388291
0.600000	0.400000	15.000000	-1489.462202
0.400000	1.000000	15.000000	-1474.093767
1.000000	1.800000	15.500000	-1448.965577
1.000000	0.200000	15.500000	-1426.788250
1.600000	1.600000	14.500000	-1367.856762
1.600000	1.200000	15.000000	-1347.352945
1.200000	1.800000	15.000000	-1345.357194
2.000000	0.800000	14.000000	-1328.811729
2.000000	0.600000	14.000000	-1321.971021
1.600000	0.800000	14.500000	-1308.720085
0.000000	0.600000	14.000000	-1297.135172
0.000000	1.400000	14.000000	-1297.135172
1.000000	0.000000	15.500000	-1287.949493
1.000000	2.000000	15.500000	-1287.949493
0.000000	0.800000	14.000000	-1276.257872
0.000000	1.200000	14.000000	-1276.257872
0.800000	0.200000	15.000000	-1258.303541
1.800000	1.600000	14.500000	-1223.951328
1.000000	1.800000	15.000000	-1185.853808
1.000000	1.600000	15.000000	-1157.812639
1.000000	0.400000	15.000000	-1113.926166
1.000000	0.200000	15.000000	-1098.054004
1.000000	0.000000	15.000000	-1070.783834
1.000000	2.000000	15.000000	-1070.783834
0.400000	0.800000	15.000000	-1065.418004
1.800000	1.200000	14.500000	-1055.453265
1.800000	1.000000	14.500000	-1046.635634
2.000000	0.200000	15.000000	-1032.695704
1.400000	1.200000	15.000000	-1004.640027
1.000000	0.000000	14.500000	-971.517368
1.000000	2.000000	14.500000	-971.517368
2.000000	1.800000	15.000000	-962.957786
1.200000	1.600000	15.000000	-923.072415
1.400000	1.400000	15.000000	-894.245105
0.200000	1.200000	14.000000	-892.838709
1.800000	0.000000	15.000000	-862.216600
1.800000	2.000000	15.000000	-862.216600
0.600000	0.800000	15.000000	-861.291616
0.200000	0.800000	14.500000	-858.334757
0.200000	1.000000	14.500000	-828.278374
0.000000	0.200000	15.000000	-801.412276
0.000000	1.800000	15.000000	-801.412276
1.200000	1.400000	15.000000	-791.568371
0.800000	0.400000	15.000000	-782.029527
0.600000	1.400000	14.000000	-767.432118
0.800000	0.600000	15.000000	-699.687867
1.800000	0.200000	15.000000	-687.788496
0.600000	0.600000	15.000000	-669.699264
1.000000	1.200000	14.500000	-665.989949
0.200000	0.000000	15.000000	-589.893187
0.200000	2.000000	15.000000	-589.893187
2.000000	1.000000	14.000000	-533.828471
0.600000	1.000000	14.500000	-482.436663
0.000000	1.000000	14.000000	-440.302236
0.200000	1.800000	15.000000	-390.768517
1.400000	0.800000	14.500000	-371.217156
0.400000	1.200000	14.000000	-263.408505
1.000000	1.800000	14.500000	-147.268920
1.000000	0.200000	14.500000	-3.279279
0.000000	0.000000	10.000000	inf
0.000000	0.000000	10.500000	inf
0.000000	0.000000	11.000000	inf
0.000000	0.000000	11.500000	inf
0.000000	0.000000	12.000000	inf
0.000000	0.000000	7.500000	inf
0.000000	0.000000	8.000000	inf
0.000000	0.000000	8.500000	inf
0.000000	0.000000	9.000000	inf
0.000000	0.000000	9.500000	inf
0.000000	0.200000	10.000000	inf
0.000000	0.200000	10.500000	inf
0.000000	0.200000	11.000000	inf
0.000000	0.200000	11.500000	inf
0.000000	0.200000	12.000000	inf
0.000000	0.200000	7.500000	inf
0.000000	0.200000	8.000000	inf
0.000000	0.200000	8.500000	inf
0.000000	0.200000	9.000000	inf
0.000000	0.200000	9.500000	inf
0.000000	0.400000	10.000000	inf
0.000000	0.400000	10.500000	inf
0.000000	0.400000	11.000000	inf
0.000000	0.400000	7.500000	inf
0.000000	0.400000	8.000000	inf
0.000000	0.400000	8.500000	inf
0.000000	0.400000	9.000000	inf
0.000000	0.400000	9.500000	inf
0.000000	0.600000	7.500000	inf
0.000000	0.600000	8.000000	inf
0.000000	0.800000	7.500000	inf
0.000000	1.200000	7.500000	inf
0.000000	1.400000	7.500000	inf
0.000000	1.400000	8.000000	inf
0.000000	1.600000	10.000000	inf
0.000000	1.600000	10.500000	inf
0.000000	1.600000	11.000000	inf
0.000000	1.600000	7.500000	inf
0.000000	1.600000	8.000000	inf
0.000000	1.600000	8.500000	inf
0.000000	1.600000	9.000000	inf
0.000000	1.600000	9.500000	inf
0.000000	1.800000	10.000000	inf
0.000000	1.800000	10.500000	inf
0.000000	1.800000	11.000000	inf
0.000000	1.800000	11.500000	inf
0.000000	1.800000	12.000000	inf
0.000000	1.800000	7.500000	inf
0.000000	1.800000	8.000000	inf
0.000000	1.800000	8.500000	inf
0.000000	1.800000	9.000000	inf
0.000000	1.800000	9.500000	inf
0.000000	2.000000	10.000000	inf
0.000000	2.000000	10.500000	inf
0.000000	2.000000	11.000000	inf
0.000000	2.000000	11.500000	inf
0.000000	2.000000	12.000000	inf
0.000000	2.000000	7.500000	inf
0.000000	2.000000	8.000000	inf
0.000000	2.000000	8.500000	inf
0.000000	2.000000	9.000000	inf
0.000000	2.000000	9.500000	inf
0.200000	0.000000	10.000000	inf
0.200000	0.000000	10.500000	inf
0.200000	0.000000	11.000000	inf
0.200000	0.000000	11.500000	inf
0.200000	0.000000	12.000000	inf
0.200000	0.000000	7.500000	inf
0.200000	0.000000	8.000000	inf
0.200000	0.000000	8.500000	inf
0.200000	0.000000	9.000000	inf
0.200000	0.000000	9.500000	inf
0.200000	0.200000	10.000000	inf
0.200000	0.200000	10.500000	inf
0.200000	0.200000	11.000000	inf
0.200000	0.200000	11.500000	inf
0.200000	0.200000	7.500000	inf
0.200000	0.200000	8.000000	inf
0.200000	0.200000	8.500000	inf
0.200000	0.200000	9.000000	inf
0.200000	0.200000	9.500000	inf
0.200000	0.400000	10.000000	inf
0.200000	0.400000	7.500000	inf
0.200000	0.400000	8.000000	inf
0.200000	0.400000	8.500000	inf
0.200000	0.400000	9.000000	inf
0.200000	0.400000	9.500000	inf
0.200000	0.600000	7.500000	inf
0.200000	0.600000	8.000000	inf
0.200000	0.600000	9.000000	inf
0.200000	0.600000	9.500000	inf
0.200000	0.800000	10.000000	inf
0.200000	0.800000	10.500000	inf
0.200000	0.800000	7.500000	inf
0.200000	0.800000	8.000000	inf
0.200000	0.800000	8.500000	inf
0.200000	0.800000	9.000000	inf
0.200000	0.800000	9.500000	inf
0.200000	1.000000	10.000000	inf
0.200000	1.000000	10.500000	inf
0.200000	1.000000	8.000000	inf
0.200000	1.000000	8.500000	inf
0.200000	1.000000	9.000000	inf
0.200000	1.000000	9.500000	inf
0.200000	1.200000	7.500000	inf
0.200000	1.400000	7.500000	inf
0.200000	1.400000	8.000000	inf
0.200000	1.400000	8.500000	inf
0.200000	1.400000	9.000000	inf
0.200000	1.400000	9.500000	inf
0.200000	1.600000	10.000000	inf
0.200000	1.600000	10.500000	inf
0.200000	1.600000	11.000000	inf
0.200000	1.600000	11.500000	inf
0.200000	1.600000	7.500000	inf
0.200000	1.600000	8.000000	inf
0.200000	1.600000	8.500000	inf
0.200000	1.600000	9.000000	inf
0.200000	1.600000	9.500000	inf
0.200000	1.800000	10.000000	inf
0.200000	1.800000	10.500000	inf
0.200000	1.800000	11.000000	inf
0.200000	1.800000	11.500000	inf
0.200000	1.800000	12.000000	inf
0.200000	1.800000	7.500000	inf
0.200000	1.800000	8.000000	inf
0.200000	1.800000	8.500000	inf
0.200000	1.800000	9.000000	inf
0.200000	1.800000	9.500000	inf
0.200000	2.000000	10.000000	inf
0.200000	2.000000	10.500000	inf
0.200000	2.000000	11.000000	inf
0.200000	2.000000	11.500000	inf
0.200000	2.000000	12.000000	inf
0.200000	2.000000	7.500000	inf
0.200000	2.000000	8.000000	inf
0.200000	2.000000	8.500000	inf
0.200000	2.000000	9.000000	inf
0.200000	2.000000	9.500000	inf
0.400000	0.000000	10.000000	inf
0.400000	0.000000	10.500000	inf
0.400000	0.000000	11.000000	inf
0.400000	0.000000	7.500000	inf
0.400000	0.000000	8.000000	inf
0.400000	0.000000	8.500000	inf
0.400000	0.000000	9.000000	inf
0.400000	0.000000	9.500000	inf
0.400000	0.200000	7.500000	inf
0.400000	0.200000	8.000000	inf
0.400000	0.200000	8.500000	inf
0.400000	0.200000	9.000000	inf
0.400000	0.200000	9.500000	inf
0.400000	0.400000	10.000000	inf
0.400000	0.400000	10.500000	inf
0.400000	0.400000	7.500000	inf
0.400000	0.400000	8.000000	inf
0.400000	0.400000	8.500000	inf
0.400000	0.400000	9.000000	inf
0.400000	0.400000	9.500000	inf
0.400000	0.600000	10.000000	inf
0.400000	0.600000	10.500000	inf
0.400000	0.600000	11.000000	inf
0.400000	0.600000	11.500000	inf
0.400000	0.600000	7.500000	inf
0.400000	0.600000	8.000000	inf
0.400000	0.600000	8.500000	inf
0.400000	0.600000	9.000000	inf
0.400000	0.600000	9.500000	inf
0.400000	0.800000	10.000000	inf
0.400000	0.800000	10.500000	inf
0.400000	0.800000	11.000000	inf
0.400000	0.800000	11.500000	inf
0.400000	0.800000	7.500000	inf
0.400000	0.800000	8.000000	inf
0.400000	0.800000	8.500000	inf
0.400000	0.800000	9.000000	inf
0.400000	0.800000	9.500000	inf
0.400000	1.000000	10.000000	inf
0.400000	1.000000	10.500000	inf
0.400000	1.000000	11.000000	inf
0.400000	1.000000	7.500000	inf
0.400000	1.000000	8.000000	inf
0.400000	1.000000	8.500000	inf
0.400000	1.000000	9.000000	inf
0.400000	1.000000	9.500000	inf
0.400000	1.200000	10.000000	inf
0.400000	1.200000	7.500000	inf
0.400000	1.200000	8.000000	inf
0.400000	1.200000	8.500000	inf
0.400000	1.200000	9.000000	inf
0.400000	1.200000	9.500000	inf
0.400000	1.400000	7.500000	inf
0.400000	1.400000	8.500000	inf
0.400000	1.400000	9.000000	inf
0.400000	1.600000	10.000000	inf
0.400000	1.600000	10.500000	inf
0.400000	1.600000	11.000000	inf
0.400000	1.600000	7.500000	inf
0.400000	1.600000	8.000000	inf
0.400000	1.600000	8.500000	inf
0.400000	1.600000	9.000000	inf
0.400000	1.600000	9.500000	inf
0.400000	1.800000	10.000000	inf
0.400000	1.800000	10.500000	inf
0.400000	1.800000	11.000000	inf
0.400000	1.800000	11.500000	inf
0.400000	1.800000	7.500000	inf
0.400000	1.800000	8.000000	inf
0.400000	1.800000	8.500000	inf
0.400000	1.800000	9.000000	inf
0.400000	1.800000	9.500000	inf
0.400000	2.000000	10.000000	inf
0.400000	2.000000	10.500000	inf
0.400000	2.000000	11.000000	inf
0.400000	2.000000	7.500000	inf
0.400000	2.000000	8.000000	inf
0.400000	2.000000	8.500000	inf
0.400000	2.000000	9.000000	inf
0.400000	2.000000	9.500000	inf
0.600000	0.200000	10.000000	inf
0.600000	0.200000	10.500000	inf
0.600000	0.200000	7.500000	inf
0.600000	0.200000	8.000000	inf
0.600000	0.200000	8.500000	inf
0.600000	0.200000	9.000000	inf
0.600000	0.200000	9.500000	inf
0.600000	0.400000	10.000000	inf
0.600000	0.400000	10.500000	inf
0.600000	0.400000	11.000000	inf
0.600000	0.400000	11.500000	inf
0.600000	0.400000	7.500000	inf
0.600000	0.400000	8.000000	inf
0.600000	0.400000	8.500000	inf
0.600000	0.400000	9.000000	inf
0.600000	0.400000	9.500000	inf
0.600000	0.600000	10.000000	inf
0.600000	0.600000	10.500000	inf
0.600000	0.600000	11.000000	inf
0.600000	0.600000	11.500000	inf
0.600000	0.600000	12.000000	inf
0.600000	0.600000	7.500000	inf
0.600000	0.600000	8.000000	inf
0.600000	0.600000	8.500000	inf
0.600000	0.600000	9.000000	inf
0.600000	0.600000	9.500000	inf
0.600000	0.800000	10.000000	inf
0.600000	0.800000	10.500000	inf
0.600000	0.800000	11.000000	inf
0.600000	0.800000	11.500000	inf
0.600000	0.800000	7.500000	inf
0.600000	0.800000	8.000000	inf
0.600000	0.800000	8.500000	inf
0.600000	0.800000	9.000000	inf
0.600000	0.800000	9.500000	inf
0.600000	1.000000	10.000000	inf
0.600000	1.000000	10.500000	inf
0.600000	1.000000	11.000000	inf
0.600000	1.000000	7.500000	inf
0.600000	1.000000	8.000000	inf
0.600000	1.000000	8.500000	inf
0.600000	1.000000	9.000000	inf
0.600000	1.000000	9.500000	inf
0.600000	1.200000	7.500000	inf
0.600000	1.200000	8.000000	inf
0.600000	1.200000	8.500000	inf
0.600000	1.200000	9.000000	inf
0.600000	1.200000	9.500000	inf
0.600000	1.400000	7.500000	inf
0.600000	1.600000	10.000000	inf
0.600000	1.600000	8.500000	inf
0.600000	1.600000	9.000000	inf
0.600000	1.600000	9.500000	inf
0.600000	1.800000	10.000000	inf
0.600000	1.800000	8.500000	inf
0.600000	1.800000	9.000000	inf
0.600000	1.800000	9.500000	inf
0.800000	0.200000	10.000000	inf
0.800000	0.200000	10.500000	inf
0.800000	0.200000	11.000000	inf
0.800000	0.200000	7.500000	inf
0.800000	0.200000	8.000000	inf
0.800000	0.200000	8.500000	inf
0.800000	0.200000	9.000000	inf
0.800000	0.200000	9.500000	inf
0.800000	0.400000	10.000000	inf
0.800000	0.400000	10.500000	inf
0.800000	0.400000	11.000000	inf
0.800000	0.400000	11.500000	inf
0.800000	0.400000	7.500000	inf
0.800000	0.400000	8.000000	inf
0.800000	0.400000	8.500000	inf
0.800000	0.400000	9.000000	inf
0.800000	0.400000	9.500000	inf
0.800000	0.600000	10.000000	inf
0.800000	0.600000	10.500000	inf
0.800000	0.600000	11.000000	inf
0.800000	0.600000	11.500000	inf
0.800000	0.600000	12.000000	inf
0.800000	0.600000	7.500000	inf
0.800000	0.600000	8.000000	inf
0.800000	0.600000	8.500000	inf
0.800000	0.600000	9.000000	inf
0.800000	0.600000	9.500000	inf
0.800000	0.800000	10.000000	inf
0.800000	0.800000	10.500000	inf
0.800000	0.800000	11.000000	inf
0.800000	0.800000	11.500000	inf
0.800000	0.800000	7.500000	inf
0.800000	0.800000	8.000000	inf
0.800000	0.800000	8.500000	inf
0.800000	0.800000	9.000000	inf
0.800000	0.800000	9.500000	inf
0.800000	1.000000	10.000000	inf
0.800000	1.000000	10.500000	inf
0.800000	1.000000	7.500000	inf
0.800000	1.000000	8.000000	inf
0.800000	1.000000	8.500000	inf
0.800000	1.000000	9.000000	inf
0.800000	1.000000	9.500000	inf
0.800000	1.200000	10.000000	inf
0.800000	1.200000	10.500000	inf
0.800000	1.200000	11.000000	inf
0.800000	1.200000	7.500000	inf
0.800000	1.200000	8.000000	inf
0.800000	1.200000	8.500000	inf
0.800000	1.200000	9.000000	inf
0.800000	1.200000	9.500000	inf
0.800000	1.400000	10.000000	inf
0.800000	1.400000	10.500000	inf
0.800000	1.400000	11.000000	inf
0.800000	1.400000	7.500000	inf
0.800000	1.400000	8.000000	inf
0.800000	1.400000	8.500000	inf
0.800000	1.400000	9.000000	inf
0.800000	1.400000	9.500000	inf
0.800000	1.600000	10.000000	inf
0.800000	1.600000	10.500000	inf
0.800000	1.600000	7.500000	inf
0.800000	1.600000	8.000000	inf
0.800000	1.600000	8.500000	inf
0.800000	1.600000	9.000000	inf
0.800000	1.600000	9.500000	inf
0.800000	1.800000	10.000000	inf
0.800000	1.800000	10.500000	inf
0.800000	1.800000	7.500000	inf
0.800000	1.800000	8.000000	inf
0.800000	1.800000	8.500000	inf
0.800000	1.800000	9.000000	inf
0.800000	1.800000	9.500000	inf
1.000000	0.000000	9.000000	inf
1.000000	0.200000	10.000000	inf
1.000000	0.200000	10.500000	inf
1.000000	0.200000	11.000000	inf
1.000000	0.200000	7.500000	inf
1.000000	0.200000	8.000000	inf
1.000000	0.200000	8.500000	inf
1.000000	0.200000	9.000000	inf
1.000000	0.200000	9.500000	inf
1.000000	0.400000	10.000000	inf
1.000000	0.400000	10.500000	inf
1.000000	0.400000	11.000000	inf
1.000000	0.400000	11.500000	inf
1.000000	0.400000	7.500000	inf
1.000000	0.400000	8.000000	inf
1.000000	0.400000	8.500000	inf
1.000000	0.400000	9.000000	inf
1.000000	0.400000	9.500000	inf
1.000000	0.600000	10.000000	inf
1.000000	0.600000	10.500000	inf
1.000000	0.600000	11.000000	inf
1.000000	0.600000	11.500000	inf
1.000000	0.600000	7.500000	inf
1.000000	0.600000	8.000000	inf
1.000000	0.600000	8.500000	inf
1.000000	0.600000	9.000000	inf
1.000000	0.600000	9.500000	inf
1.000000	0.800000	10.000000	inf
1.000000	0.800000	10.500000	inf
1.000000	0.800000	11.000000	inf
1.000000	0.800000	7.500000	inf
1.000000	0.800000	8.000000	inf
1.000000	0.800000	8.500000	inf
1.000000	0.800000	9.000000	inf
1.000000	0.800000	9.500000	inf
1.000000	1.000000	10.000000	inf
1.000000	1.000000	10.500000	inf
1.000000	1.000000	11.000000	inf
1.000000	1.000000	11.500000	inf
1.000000	1.000000	7.500000	inf
1.000000	1.000000	8.000000	inf
1.000000	1.000000	8.500000	inf
1.000000	1.000000	9.000000	inf
1.000000	1.000000	9.500000	inf
1.000000	1.200000	10.000000	inf
1.000000	1.200000	10.500000	inf
1.000000	1.200000	11.000000	inf
1.000000	1.200000	11.500000	inf
1.000000	1.200000	12.000000	inf
1.000000	1.200000	7.500000	inf
1.000000	1.200000	8.000000	inf
1.000000	1.200000	8.500000	inf
1.000000	1.200000	9.000000	inf
1.000000	1.200000	9.500000	inf
1.000000	1.400000	10.000000	inf
1.000000	1.400000	10.500000	inf
1.000000	1.400000	11.000000	inf
1.000000	1.400000	11.500000	inf
1.000000	1.400000	7.500000	inf
1.000000	1.400000	8.000000	inf
1.000000	1.400000	8.500000	inf
1.000000	1.400000	9.000000	inf
1.000000	1.400000	9.500000	inf
1.000000	1.600000	10.000000	inf
1.000000	1.600000	10.500000	inf
1.000000	1.600000	11.000000	inf
1.000000	1.600000	11.500000	inf
1.000000	1.600000	7.500000	inf
1.000000	1.600000	8.000000	inf
1.000000	1.600000	8.500000	inf
1.000000	1.600000	9.000000	inf
1.000000	1.600000	9.500000	inf
1.000000	1.800000	10.000000	inf
1.000000	1.800000	10.500000	inf
1.000000	1.800000	11.000000	inf
1.000000	1.800000	7.500000	inf
1.000000	1.800000	8.000000	inf
1.000000	1.800000	8.500000	inf
1.000000	1.800000	9.000000	inf
1.000000	1.800000	9.500000	inf
1.000000	2.000000	9.000000	inf
1.200000	0.200000	10.000000	inf
1.200000	0.200000	10.500000	inf
1.200000	0.200000	7.500000	inf
1.200000	0.200000	8.000000	inf
1.200000	0.200000	8.500000	inf
1.200000	0.200000	9.000000	inf
1.200000	0.200000	9.500000	inf
1.200000	0.400000	10.000000	inf
1.200000	0.400000	10.500000	inf
1.200000	0.400000	7.500000	inf
1.200000	0.400000	8.000000	inf
1.200000	0.400000	8.500000	inf
1.200000	0.400000	9.000000	inf
1.200000	0.400000	9.500000	inf
1.200000	0.600000	10.000000	inf
1.200000	0.600000	10.500000	inf
1.200000	0.600000	7.500000	inf
1.200000	0.600000	8.000000	inf
1.200000	0.600000	8.500000	inf
1.200000	0.600000	9.000000	inf
1.200000	0.600000	9.500000	inf
1.200000	0.800000	10.000000	inf
1.200000	0.800000	10.500000	inf
1.200000	0.800000	11.000000	inf
1.200000	0.800000	11.500000	inf
1.200000	0.800000	7.500000	inf
1.200000	0.800000	8.000000	inf
1.200000	0.800000	8.500000	inf
1.200000	0.800000	9.000000	inf
1.200000	0.800000	9.500000	inf
1.200000	1.000000	10.000000	inf
1.200000	1.000000	10.500000	inf
1.200000	1.000000	11.000000	inf
1.200000	1.000000	11.500000	inf
1.200000	1.000000	12.000000	inf
1.200000	1.000000	7.500000	inf
1.200000	1.000000	8.000000	inf
1.200000	1.000000	8.500000	inf
1.200000	1.000000	9.000000	inf
1.200000	1.000000	9.500000	inf
1.200000	1.200000	10.000000	inf
1.200000	1.200000	10.500000	inf
1.200000	1.200000	11.000000	inf
1.200000	1.200000	11.500000	inf
1.200000	1.200000	12.000000	inf
1.200000	1.200000	7.500000	inf
1.200000	1.200000	8.000000	inf
1.200000	1.200000	8.500000	inf
1.200000	1.200000	9.000000	inf
1.200000	1.200000	9.500000	inf
1.200000	1.400000	10.000000	inf
1.200000	1.400000	10.500000	inf
1.200000	1.400000	11.000000	inf
1.200000	1.400000	11.500000	inf
1.200000	1.400000	12.000000	inf
1.200000	1.400000	7.500000	inf
1.200000	1.400000	8.000000	inf
1.200000	1.400000	8.500000	inf
1.200000	1.400000	9.000000	inf
1.200000	1.400000	9.500000	inf
1.200000	1.600000	10.000000	inf
1.200000	1.600000	10.500000	inf
1.200000	1.600000	11.000000	inf
1.200000	1.600000	11.500000	inf
1.200000	1.600000	7.500000	inf
1.200000	1.600000	8.000000	inf
1.200000	1.600000	8.500000	inf
1.200000	1.600000	9.000000	inf
1.200000	1.600000	9.500000	inf
1.200000	1.800000	10.000000	inf
1.200000	1.800000	10.500000	inf
1.200000	1.800000	11.000000	inf
1.200000	1.800000	7.500000	inf
1.200000	1.800000	8.000000	inf
1.200000	1.800000	8.500000	inf
1.200000	1.800000	9.000000	inf
1.200000	1.800000	9.500000	inf
1.400000	0.000000	8.500000	inf
1.400000	0.000000	9.000000	inf
1.400000	0.000000	9.500000	inf
1.400000	0.200000	10.000000	inf
1.400000	0.200000	7.500000	inf
1.400000	0.200000	8.500000	inf
1.400000	0.200000	9.000000	inf
1.400000	0.200000	9.500000	inf
1.400000	0.400000	10.000000	inf
1.400000	0.400000	7.500000	inf
1.400000	0.400000	8.000000	inf
1.400000	0.400000	8.500000	inf
1.400000	0.400000	9.000000	inf
1.400000	0.400000	9.500000	inf
1.400000	0.600000	10.000000	inf
1.400000	0.600000	10.500000	inf
1.400000	0.600000	11.000000	inf
1.400000	0.600000	11.500000	inf
1.400000	0.600000	7.500000	inf
1.400000	0.600000	8.000000	inf
1.400000	0.600000	8.500000	inf
1.400000	0.600000	9.000000	inf
1.400000	0.600000	9.500000	inf
1.400000	0.800000	10.000000	inf
1.400000	0.800000	10.500000	inf
1.400000	0.800000	11.000000	inf
1.400000	0.800000	11.500000	inf
1.400000	0.800000	12.000000	inf
1.400000	0.800000	7.500000	inf
1.400000	0.800000	8.000000	inf
1.400000	0.800000	8.500000	inf
1.400000	0.800000	9.000000	inf
1.400000	0.800000	9.500000	inf
1.400000	1.000000	10.000000	inf
1.400000	1.000000	10.500000	inf
1.400000	1.000000	11.000000	inf
1.400000	1.000000	11.500000	inf
1.400000	1.000000	12.000000	inf
1.400000	1.000000	7.500000	inf
1.400000	1.000000	8.000000	inf
1.400000	1.000000	8.500000	inf
1.400000	1.000000	9.000000	inf
1.400000	1.000000	9.500000	inf
1.400000	1.200000	10.000000	inf
1.400000	1.200000	10.500000	inf
1.400000	1.200000	11.000000	inf
1.400000	1.200000	11.500000	inf
1.400000	1.200000	7.500000	inf
1.400000	1.200000	8.000000	inf
1.400000	1.200000	8.500000	inf
1.400000	1.200000	9.000000	inf
1.400000	1.200000	9.500000	inf
1.400000	1.400000	10.000000	inf
1.400000	1.400000	10.500000	inf
1.400000	1.400000	11.000000	inf
1.400000	1.400000	11.500000	inf
1.400000	1.400000	12.000000	inf
1.400000	1.400000	7.500000	inf
1.400000	1.400000	8.000000	inf
1.400000	1.400000	8.500000	inf
1.400000	1.400000	9.000000	inf
1.400000	1.400000	9.500000	inf
1.400000	1.600000	10.000000	inf
1.400000	1.600000	10.500000	inf
1.400000	1.600000	11.000000	inf
1.400000	1.600000	11.500000	inf
1.400000	1.600000	7.500000	inf
1.400000	1.600000	8.000000	inf
1.400000	1.600000	8.500000	inf
1.400000	1.600000	9.000000	inf
1.400000	1.600000	9.500000	inf
1.400000	1.800000	10.000000	inf
1.400000	1.800000	10.500000	inf
1.400000	1.800000	7.500000	inf
1.400000	1.800000	8.000000	inf
1.400000	1.800000	8.500000	inf
1.400000	1.800000	9.000000	inf
1.400000	1.800000	9.500000	inf
1.400000	2.000000	8.500000	inf
1.400000	2.000000	9.000000	inf
1.400000	2.000000	9.500000	inf
1.600000	0.000000	10.000000	inf
1.600000	0.000000	10.500000	inf
1.600000	0.000000	11.000000	inf
1.600000	0.000000	7.500000	inf
1.600000	0.000000	8.000000	inf
1.600000	0.000000	8.500000	inf
1.600000	0.000000	9.000000	inf
1.600000	0.000000	9.500000	inf
1.600000	0.200000	10.000000	inf
1.600000	0.200000	10.500000	inf
1.600000	0.200000	11.000000	inf
1.600000	0.200000	11.500000	inf
1.600000	0.200000	7.500000	inf
1.600000	0.200000	8.000000	inf
1.600000	0.200000	8.500000	inf
1.600000	0.200000	9.000000	inf
1.600000	0.200000	9.500000	inf
1.600000	0.400000	10.000000	inf
1.600000	0.400000	10.500000	inf
1.600000	0.400000	11.000000	inf
1.600000	0.400000	7.500000	inf
1.600000	0.400000	8.000000	inf
1.600000	0.400000	8.500000	inf
1.600000	0.400000	9.000000	inf
1.600000	0.400000	9.500000	inf
1.600000	0.600000	10.000000	inf
1.600000	0.600000	10.500000	inf
1.600000	0.600000	11.000000	inf
1.600000	0.600000	11.500000	inf
1.600000	0.600000	7.500000	inf
1.600000	0.600000	8.000000	inf
1.600000	0.600000	8.500000	inf
1.600000	0.600000	9.000000	inf
1.600000	0.600000	9.500000	inf
1.600000	0.800000	10.000000	inf
1.600000	0.800000	10.500000	inf
1.600000	0.800000	11.000000	inf
1.600000	0.800000	11.500000	inf
1.600000	0.800000	7.500000	inf
1.600000	0.800000	8.000000	inf
1.600000	0.800000	8.500000	inf
1.600000	0.800000	9.000000	inf
1.600000	0.800000	9.500000	inf
1.600000	1.000000	10.000000	inf
1.600000	1.000000	10.500000	inf
1.600000	1.000000	11.000000	inf
1.600000	1.000000	11.500000	inf
1.600000	1.000000	7.500000	inf
1.600000	1.000000	8.000000	inf
1.600000	1.000000	8.500000	inf
1.600000	1.000000	9.000000	inf
1.600000	1.000000	9.500000	inf
1.600000	1.200000	10.000000	inf
1.600000	1.200000	10.500000	inf
1.600000	1.200000	11.000000	inf
1.600000	1.200000	11.500000	inf
1.600000	1.200000	7.500000	inf
1.600000	1.200000	8.000000	inf
1.600000	1.200000	8.500000	inf
1.600000	1.200000	9.000000	inf
1.600000	1.200000	9.500000	inf
1.600000	1.400000	10.000000	inf
1.600000	1.400000	10.500000	inf
1.600000	1.400000	11.000000	inf
1.600000	1.400000	11.500000	inf
1.600000	1.400000	7.500000	inf
1.600000	1.400000	8.000000	inf
1.600000	1.400000	8.500000	inf
1.600000	1.400000	9.000000	inf
1.600000	1.400000	9.500000	inf
1.600000	1.600000	10.000000	inf
1.600000	1.600000	10.500000	inf
1.600000	1.600000	11.000000	inf
1.600000	1.600000	7.500000	inf
1.600000	1.600000	8.000000	inf
1.600000	1.600000	8.500000	inf
1.600000	1.600000	9.000000	inf
1.600000	1.600000	9.500000	inf
1.600000	1.800000	10.000000	inf
1.600000	1.800000	10.500000	inf
1.600000	1.800000	11.000000	inf
1.600000	1.800000	11.500000	inf
1.600000	1.800000	7.500000	inf
1.600000	1.800000	8.000000	inf
1.600000	1.800000	8.500000	inf
1.600000	1.800000	9.000000	inf
1.600000	1.800000	9.500000	inf
1.600000	2.000000	10.000000	inf
1.600000	2.000000	10.500000	inf
1.600000	2.000000	11.000000	inf
1.600000	2.000000	7.500000	inf
1.600000	2.000000	8.000000	inf
1.600000	2.000000	8.500000	inf
1.600000	2.000000	9.000000	inf
1.600000	2.000000	9.500000	inf
1.800000	0.000000	10.000000	inf
1.800000	0.000000	10.500000	inf
1.800000	0.000000	11.000000	inf
1.800000	0.000000	11.500000	inf
1.800000	0.000000	12.000000	inf
1.800000	0.000000	7.500000	inf
1.800000	0.000000	8.000000	inf
1.800000	0.000000	8.500000	inf
1.800000	0.000000	9.000000	inf
1.800000	0.000000	9.500000	inf
1.800000	0.200000	10.000000	inf
1.800000	0.200000	10.500000	inf
1.800000	0.200000	11.000000	inf
1.800000	0.200000	11.500000	inf
1.800000	0.200000	12.000000	inf
1.800000	0.200000	7.500000	inf
1.800000	0.200000	8.000000	inf
1.800000	0.200000	8.500000	inf
1.800000	0.200000	9.000000	inf
1.800000	0.200000	9.500000	inf
1.800000	0.400000	10.000000	inf
1.800000	0.400000	10.500000	inf
1.800000	0.400000	11.000000	inf
1.800000	0.400000	11.500000	inf
1.800000	0.400000	7.500000	inf
1.800000	0.400000	8.000000	inf
1.800000	0.400000	8.500000	inf
1.800000	0.400000	9.000000	inf
1.800000	0.400000	9.500000	inf
1.800000	0.600000	10.000000	inf
1.800000	0.600000	10.500000	inf
1.800000	0.600000	7.500000	inf
1.800000	0.600000	8.000000	inf
1.800000	0.600000	8.500000	inf
1.800000	0.600000	9.000000	inf
1.800000	0.600000	9.500000	inf
1.800000	0.800000	10.000000	inf
1.800000	0.800000	10.500000	inf
1.800000	0.800000	11.000000	inf
1.800000	0.800000	7.500000	inf
1.800000	0.800000	8.000000	inf
1.800000	0.800000	8.500000	inf
1.800000	0.800000	9.000000	inf
1.800000	0.800000	9.500000	inf
1.800000	1.000000	10.000000	inf
1.800000	1.000000	10.500000	inf
1.800000	1.000000	8.000000	inf
1.800000	1.000000	8.500000	inf
1.800000	1.000000	9.000000	inf
1.800000	1.000000	9.500000	inf
1.800000	1.200000	10.000000	inf
1.800000	1.200000	10.500000	inf
1.800000	1.200000	7.500000	inf
1.800000	1.200000	8.000000	inf
1.800000	1.200000	8.500000	inf
1.800000	1.200000	9.000000	inf
1.800000	1.200000	9.500000	inf
1.800000	1.400000	10.000000	inf
1.800000	1.400000	10.500000	inf
1.800000	1.400000	11.000000	inf
1.800000	1.400000	11.500000	inf
1.800000	1.400000	7.500000	inf
1.800000	1.400000	8.000000	inf
1.800000	1.400000	8.500000	inf
1.800000	1.400000	9.000000	inf
1.800000	1.400000	9.500000	inf
1.800000	1.600000	10.000000	inf
1.800000	1.600000	10.500000	inf
1.800000	1.600000	11.000000	inf
1.800000	1.600000	11.500000	inf
1.800000	1.600000	7.500000	inf
1.800000	1.600000	8.000000	inf
1.800000	1.600000	8.500000	inf
1.800000	1.600000	9.000000	inf
1.800000	1.600000	9.500000	inf
1.800000	1.800000	10.000000	inf
1.800000	1.800000	10.500000	inf
1.800000	1.800000	11.000000	inf
1.800000	1.800000	11.500000	inf
1.800000	1.800000	7.500000	inf
1.800000	1.800000	8.000000	inf
1.800000	1.800000	8.500000	inf
1.800000	1.800000	9.000000	inf
1.800000	1.800000	9.500000	inf
1.800000	2.000000	10.000000	inf
1.800000	2.000000	10.500000	inf
1.800000	2.000000	11.000000	inf
1.800000	2.000000	11.500000	inf
1.800000	2.000000	12.000000	inf
1.800000	2.000000	7.500000	inf
1.800000	2.000000	8.000000	inf
1.800000	2.000000	8.500000	inf
1.800000	2.000000	9.000000	inf
1.800000	2.000000	9.500000	inf
2.000000	0.000000	10.000000	inf
2.000000	0.000000	10.500000	inf
2.000000	0.000000	11.000000	inf
2.000000	0.000000	11.500000	inf
2.000000	0.000000	12.000000	inf
2.000000	0.000000	7.500000	inf
2.000000	0.000000	8.000000	inf
2.000000	0.000000	8.500000	inf
2.000000	0.000000	9.000000	inf
2.000000	0.000000	9.500000	inf
2.000000	0.200000	10.000000	inf
2.000000	0.200000	10.500000	inf
2.000000	0.200000	11.000000	inf
2.000000	0.200000	11.500000	inf
2.000000	0.200000	12.000000	inf
2.000000	0.200000	7.500000	inf
2.000000	0.200000	8.000000	inf
2.000000	0.200000	8.500000	inf
2.000000	0.200000	9.000000	inf
2.000000	0.200000	9.500000	inf
2.000000	0.400000	10.000000	inf
2.000000	0.400000	10.500000	inf
2.000000	0.400000	11.000000	inf
2.000000	0.400000	7.500000	inf
2.000000	0.400000	8.000000	inf
2.000000	0.400000	8.500000	inf
2.000000	0.400000	9.000000	inf
2.000000	0.400000	9.500000	inf
2.000000	0.600000	7.500000	inf
2.000000	0.600000	8.000000	inf
2.000000	0.800000	7.500000	inf
2.000000	1.200000	10.000000	inf
2.000000	1.200000	10.500000	inf
2.000000	1.200000	11.000000	inf
2.000000	1.200000	7.500000	inf
2.000000	1.200000	8.000000	inf
2.000000	1.200000	8.500000	inf
2.000000	1.200000	9.000000	inf
2.000000	1.200000	9.500000	inf
2.000000	1.400000	10.000000	inf
2.000000	1.400000	10.500000	inf
2.000000	1.400000	11.000000	inf
2.000000	1.400000	11.500000	inf
2.000000	1.400000	7.500000	inf
2.000000	1.400000	8.000000	inf
2.000000	1.400000	8.500000	inf
2.000000	1.400000	9.000000	inf
2.000000	1.400000	9.500000	inf
2.000000	1.600000	10.000000	inf
2.000000	1.600000	10.500000	inf
2.000000	1.600000	11.000000	inf
2.000000	1.600000	11.500000	inf
2.000000	1.600000	12.000000	inf
2.000000	1.600000	7.500000	inf
2.000000	1.600000	8.000000	inf
2.000000	1.600000	8.500000	inf
2.000000	1.600000	9.000000	inf
2.000000	1.600000	9.500000	inf
2.000000	1.800000	10.000000	inf
2.000000	1.800000	10.500000	inf
2.000000	1.800000	11.000000	inf
2.000000	1.800000	11.500000	inf
2.000000	1.800000	12.000000	inf
2.000000	1.800000	7.500000	inf
2.000000	1.800000	8.000000	inf
2.000000	1.800000	8.500000	inf
2.000000	1.800000	9.000000	inf
2.000000	1.800000	9.500000	inf
2.000000	2.000000	10.000000	inf
2.000000	2.000000	10.500000	inf
2.000000	2.000000	11.000000	inf
2.000000	2.000000	11.500000	inf
2.000000	2.000000	12.000000	inf
2.000000	2.000000	7.500000	inf
2.000000	2.000000	8.000000	inf
2.000000	2.000000	8.500000	inf
2.000000	2.000000	9.000000	inf
2.000000	2.000000	9.500000	inf
0.800000	0.000000	14.000000	115.209624
0.800000	2.000000	14.000000	115.209624
2.000000	0.400000	14.500000	126.622610
1.200000	1.800000	14.500000	211.496503
1.200000	0.000000	14.000000	283.989575
1.200000	2.000000	14.000000	283.989575
0.800000	0.200000	14.500000	284.697997
1.000000	0.600000	14.500000	314.889425
0.400000	1.000000	14.500000	337.609246
0.000000	0.400000	14.500000	547.047723
0.000000	1.600000	14.500000	547.047723
2.000000	0.000000	15.000000	571.315306
2.000000	2.000000	15.000000	571.315306
1.000000	1.400000	14.500000	709.139198
1.600000	1.000000	14.500000	823.696531
1.200000	0.600000	14.000000	830.985329
0.600000	0.000000	14.000000	889.715945
0.600000	2.000000	14.000000	889.715945
1.600000	0.400000	14.500000	971.132322
1.800000	0.800000	14.000000	974.937034
0.000000	0.000000	15.000000	1055.615167
0.000000	2.000000	15.000000	1055.615167
1.400000	0.000000	14.000000	1155.641505
1.400000	2.000000	14.000000	1155.641505
0.800000	1.200000	14.000000	1379.127659
0.800000	1.400000	14.000000	1407.612765
1.200000	1.000000	14.500000	1475.899546
1.600000	0.000000	14.500000	1488.784500
1.600000	2.000000	14.500000	1488.784500
0.800000	1.800000	14.000000	1500.061137
0.400000	1.600000	14.500000	1572.073282
1.000000	1.600000	14.500000	1609.510038
0.800000	0.800000	14.500000	1618.212622
1.200000	0.200000	14.000000	1674.909232
2.000000	1.200000	14.000000	1688.495870
1.000000	0.400000	14.500000	1712.635550
0.400000	0.000000	14.500000	1918.297064
0.400000	2.000000	14.500000	1918.297064
2.000000	1.600000	14.500000	1955.739961
1.000000	0.000000	14.000000	1991.887699
1.000000	2.000000	14.000000	1991.887699
1.600000	1.400000	14.500000	2133.651073
0.200000	1.400000	14.000000	2194.074819
0.400000	0.600000	14.500000	2300.311435
1.400000	1.000000	14.500000	2479.674994
0.400000	1.400000	14.000000	2681.216354
1.200000	0.400000	14.000000	2747.176811
1.800000	0.600000	14.000000	2827.732661
0.800000	1.600000	14.000000	2952.064848
0.200000	0.600000	14.000000	3018.967617
1.400000	1.600000	14.500000	3181.459860
1.800000	0.400000	14.500000	3189.569715
0.600000	0.400000	14.500000	3347.569200
0.800000	1.000000	14.000000	3542.597921
1.600000	1.200000	14.500000	3567.538965
1.200000	1.200000	14.500000	3757.216865
0.400000	0.800000	14.500000	3783.866468
0.200000	1.600000	14.500000	4128.470031
1.400000	0.600000	14.000000	4325.467496
0.200000	0.400000	14.000000	4445.519757
0.200000	0.200000	14.500000	4649.543617
1.800000	1.800000	14.500000	4801.546318
1.600000	0.200000	14.500000	5079.561530
1.400000	0.400000	14.000000	5146.600928
0.200000	1.000000	14.000000	5573.602208
1.200000	1.600000	14.500000	5742.679872
1.000000	0.800000	14.000000	5912.161297
0.800000	0.400000	14.500000	5924.285572
2.000000	0.800000	13.500000	5968.988407
1.800000	1.000000	14.000000	6066.884859
0.000000	0.800000	13.500000	6137.872674
0.000000	1.200000	13.500000	6137.872674
0.600000	0.800000	14.500000	6191.346927
0.400000	0.200000	14.000000	6345.125730
0.600000	1.600000	14.000000	6350.573442
0.400000	1.800000	14.500000	6358.921344
0.600000	0.200000	14.000000	6588.279157
1.400000	0.200000	14.000000	6654.381363
1.400000	1.200000	14.500000	6877.578152
1.600000	0.600000	14.000000	7195.746762
1.400000	1.800000	14.000000	7427.092684
0.800000	0.600000	14.500000	7540.420809
1.200000	1.400000	14.500000	7707.124602
0.600000	1.800000	14.000000	8002.485512
1.400000	1.400000	14.500000	10016.284761
0.200000	0.800000	14.000000	10048.948911
0.600000	0.600000	14.500000	10220.602773
1.800000	1.200000	14.000000	10695.594518
1.800000	1.400000	14.000000	10937.201825
0.400000	0.400000	14.000000	11319.326044
0.000000	1.000000	13.500000	11536.622706
0.200000	1.200000	13.500000	11665.854593
0.600000	1.200000	13.500000	11673.215589
2.000000	1.000000	13.500000	12185.643094
1.600000	1.800000	14.000000	12452.434405
2.000000	0.600000	13.500000	12922.284361
1.000000	1.800000	14.000000	13657.085724
1.000000	0.200000	14.000000	13821.311690
0.000000	0.600000	13.500000	14148.961359
0.000000	1.400000	13.500000	14148.961359
1.600000	1.600000	14.000000	16133.068997
0.600000	1.000000	14.000000	16853.696822
1.600000	0.800000	14.000000	17683.038514
1.000000	1.000000	14.000000	18009.927489
0.600000	1.400000	13.500000	18432.164299
2.000000	1.400000	14.000000	18760.125786
0.800000	0.000000	13.500000	19825.542296
0.800000	2.000000	13.500000	19825.542296
1.200000	0.000000	13.500000	20290.532034
1.200000	2.000000	13.500000	20290.532034
1.200000	1.800000	14.000000	20424.545372
1.200000	0.800000	14.000000	20437.427105
0.800000	0.200000	14.000000	20440.076502
0.400000	1.000000	14.000000	20463.807268
2.000000	0.200000	14.500000	20533.712949
2.000000	1.800000	14.500000	21370.338771
1.800000	0.200000	14.500000	21809.036367
0.400000	1.200000	13.500000	22614.022542
1.800000	0.000000	14.500000	23122.483428
1.800000	2.000000	14.500000	23122.483428
1.000000	0.600000	14.000000	24117.508358
0.000000	0.200000	14.500000	24343.950522
0.000000	1.800000	14.500000	24343.950522
0.200000	1.800000	14.500000	25866.164789
0.200000	0.000000	14.500000	27071.980416
0.200000	2.000000	14.500000	27071.980416
0.600000	0.000000	13.500000	28548.802176
0.600000	2.000000	13.500000	28548.802176
1.000000	1.400000	14.000000	30015.239151
1.800000	1.600000	14.000000	30571.712640
1.600000	1.000000	14.000000	30695.492433
1.000000	1.200000	14.000000	30880.762830
1.400000	0.000000	13.500000	31098.058857
1.400000	2.000000	13.500000	31098.058857
2.000000	0.400000	14.000000	33259.385558
1.200000	0.200000	13.500000	35746.305808
1.800000	0.800000	13.500000	35799.496434
0.800000	1.800000	13.500000	35931.433770
1.000000	0.000000	13.500000	35999.861317
1.000000	2.000000	13.500000	35999.861317
1.200000	0.600000	13.500000	36096.619100
1.000000	0.400000	14.000000	36863.941414
1.000000	1.600000	14.000000	37073.347217
0.000000	0.400000	14.000000	39144.437552
0.000000	1.600000	14.000000	39144.437552
1.600000	0.400000	14.000000	42474.437525
0.800000	0.800000	14.000000	42700.825813
1.400000	0.800000	14.000000	46253.996877
2.000000	0.000000	14.500000	46664.316789
2.000000	2.000000	14.500000	46664.316789
0.200000	1.400000	13.500000	48247.611048
1.200000	0.400000	13.500000	49188.999846
0.400000	1.600000	14.000000	49544.484750
2.000000	1.200000	13.500000	49998.499384
0.800000	1.400000	13.500000	50670.995114
1.600000	0.000000	14.000000	51594.529087
1.600000	2.000000	14.000000	51594.529087
0.800000	1.600000	13.500000	52280.654128
0.200000	0.600000	13.500000	54237.805827
0.400000	1.400000	13.500000	54624.037891
0.000000	0.000000	14.500000	54695.482158
0.000000	2.000000	14.500000	54695.482158
2.000000	0.800000	13.000000	55999.123848
0.000000	0.800000	13.000000	57033.864075
0.000000	1.200000	13.000000	57033.864075
0.400000	0.000000	14.000000	57445.028622
0.400000	2.000000	14.000000	57445.028622
1.800000	0.600000	13.500000	58330.329635
0.400000	0.600000	14.000000	59474.907755
1.600000	1.400000	14.000000	60333.733939
0.200000	0.400000	13.500000	63684.206151
0.800000	1.200000	13.500000	64818.449419
0.800000	1.000000	13.500000	65353.351050
2.000000	1.600000	14.000000	67237.590527
0.400000	0.800000	14.000000	72897.406331
1.600000	1.200000	14.000000	74166.755966
1.800000	0.400000	14.000000	75703.347557
0.600000	0.400000	14.000000	76551.430573
1.400000	1.600000	14.000000	76783.387693
0.400000	0.200000	13.500000	77931.810789
0.200000	1.000000	13.500000	82991.859505
1.400000	0.400000	13.500000	85583.056650
1.400000	1.000000	14.000000	86672.518932
0.200000	1.600000	14.000000	88497.632415
1.200000	1.200000	14.000000	88585.545930
1.800000	1.000000	13.500000	89440.819032
1.400000	0.200000	13.500000	91190.956397
1.000000	0.800000	13.500000	91994.377018
1.200000	1.000000	14.000000	94893.152890
0.200000	0.200000	14.000000	96439.849145
0.600000	1.600000	13.500000	97630.517019
0.600000	0.200000	13.500000	98228.262400
0.000000	1.000000	13.000000	100146.527763
1.800000	1.800000	14.000000	102591.581212
0.600000	1.800000	13.500000	104804.735798
1.400000	1.800000	13.500000	106025.962291
2.000000	1.000000	13.000000	106367.105935
1.600000	0.200000	14.000000	106688.598476
1.400000	0.600000	13.500000	112645.928391
2.000000	0.600000	13.000000	113736.530078
1.200000	1.600000	14.000000	115379.665525
0.800000	0.400000	14.000000	115384.716680
0.600000	0.800000	14.000000	120509.167931
0.000000	0.600000	13.000000	122368.147422
0.000000	1.400000	13.000000	122368.147422
0.400000	1.800000	14.000000	124588.490563
1.400000	1.200000	14.000000	134505.605667
0.600000	1.200000	13.000000	135354.446122
0.200000	0.800000	13.500000	140059.492051
0.200000	1.200000	13.000000	143448.986197
0.800000	0.600000	14.000000	146943.513743
1.800000	1.200000	13.500000	148308.258703
1.600000	0.600000	13.500000	148995.899831
1.200000	1.400000	14.000000	151233.239985
0.400000	0.400000	13.500000	156178.104625
1.800000	1.400000	13.500000	194615.102487
0.600000	1.400000	13.000000	204264.177139
0.800000	0.000000	13.000000	204812.510406
0.800000	2.000000	13.000000	204812.510406
1.600000	1.800000	13.500000	206246.943332
1.200000	0.000000	13.000000	206930.398451
1.200000	2.000000	13.000000	206930.398451
0.600000	0.000000	13.000000	210424.612495
0.600000	2.000000	13.000000	210424.612495
0.600000	0.600000	14.000000	213590.979524
1.400000	1.400000	14.000000	214355.124884
1.600000	1.600000	13.500000	225733.629207
1.000000	1.800000	13.500000	231860.568493
1.000000	0.200000	13.500000	231890.120502
1.400000	0.000000	13.000000	258649.795677
1.400000	2.000000	13.000000	258649.795677
0.600000	1.000000	13.500000	285661.940481
0.400000	1.200000	13.000000	298732.422290
0.800000	0.200000	13.500000	352288.299737
1.200000	1.800000	13.500000	352593.926817
2.000000	0.800000	12.500000	369961.340998
0.400000	1.000000	13.500000	370248.600392
0.000000	0.800000	12.500000	374644.097969
0.000000	1.200000	12.500000	374644.097969
1.000000	0.600000	13.500000	390428.303837
1.200000	0.600000	13.000000	410000.571948
2.000000	0.200000	14.000000	430882.934906
1.000000	0.000000	13.000000	432481.719617
1.000000	2.000000	13.000000	432481.719617
2.000000	1.800000	14.000000	442964.118877
2.000000	0.400000	13.500000	463260.960704
1.200000	0.200000	13.000000	471416.548040
0.800000	1.800000	13.000000	474100.130610
1.800000	0.200000	14.000000	490178.736370
1.800000	0.000000	14.000000	493100.930957
1.800000	2.000000	14.000000	493100.930957
0.000000	0.200000	14.000000	502994.613948
0.000000	1.800000	14.000000	502994.613948
1.000000	1.400000	13.500000	513779.134217
0.200000	0.400000	13.000000	516167.927749
0.200000	1.400000	13.000000	516242.826108
0.200000	0.600000	13.000000	529337.746304
0.000000	0.400000	13.500000	540422.573420
0.000000	1.600000	13.500000	540422.573420
1.000000	1.000000	13.500000	544742.988418
1.800000	0.800000	13.000000	546981.840459
1.600000	0.800000	13.500000	556127.383595
0.200000	0.000000	14.000000	571281.787001
0.200000	2.000000	14.000000	571281.787001
1.600000	1.000000	13.500000	571769.262070
0.200000	1.800000	14.000000	572017.607503
1.200000	0.400000	13.000000	604515.627024
0.400000	0.200000	13.000000	608130.160949
2.000000	1.400000	13.500000	626373.924637
0.800000	1.600000	13.000000	641422.869024
1.200000	0.800000	13.500000	655631.308606
0.400000	1.400000	13.000000	677222.960888
1.000000	0.400000	13.500000	740591.789017
1.000000	1.600000	13.500000	744913.025826
1.600000	0.000000	13.500000	745358.114234
1.600000	2.000000	13.500000	745358.114234
1.800000	0.600000	13.000000	765422.238833
1.600000	0.400000	13.500000	778101.958114
0.000000	1.000000	12.500000	783827.769135
0.800000	1.000000	13.000000	804164.104259
0.400000	0.000000	13.500000	819106.755626
0.400000	2.000000	13.500000	819106.755626
0.800000	0.800000	13.500000	825441.372674
2.000000	1.000000	12.500000	837009.128552
2.000000	0.600000	12.500000	859669.367059
0.400000	1.600000	13.500000	902992.835306
0.000000	0.600000	12.500000	908989.140003
0.000000	1.400000	12.500000	908989.140003
1.800000	1.600000	13.500000	946189.819313
0.800000	1.400000	13.000000	993403.737986
1.400000	0.200000	13.000000	1007559.646809
2.000000	1.200000	13.000000	1028544.885539
1.000000	1.200000	13.500000	1112069.236010
1.400000	0.400000	13.000000	1153698.156370
0.600000	1.800000	13.000000	1158504.647013
1.000000	0.800000	13.000000	1174597.161885
0.400000	0.600000	13.500000	1184137.466666
1.600000	1.400000	13.500000	1193503.575965
2.000000	0.000000	14.000000	1266424.190385
2.000000	2.000000	14.000000	1266424.190385
0.600000	0.200000	13.000000	1279938.459655
0.600000	0.000000	12.500000	1309321.079084
0.600000	2.000000	12.500000	1309321.079084
0.600000	1.600000	13.000000	1321126.859392
1.400000	1.800000	13.000000	1361950.833544
0.200000	1.000000	13.000000	1363850.597806
1.800000	1.000000	13.000000	1420147.277386
0.600000	1.200000	12.500000	1461539.803032
0.000000	0.000000	14.000000	1476180.332021
0.000000	2.000000	14.000000	1476180.332021
1.800000	0.400000	13.500000	1514666.472430
0.200000	0.200000	13.500000	1542899.844333
0.800000	1.200000	13.000000	1653216.629136
0.600000	0.400000	13.500000	1764841.545980
0.200000	1.600000	13.500000	1764862.638448
1.400000	1.600000	13.500000	1767473.291266
0.400000	0.800000	13.500000	1794452.379418
1.600000	1.200000	13.500000	1809499.013487
2.000000	1.600000	13.500000	1829002.462866
0.200000	1.200000	12.500000	1953661.231129
1.800000	1.800000	13.500000	1968813.506508
0.400000	0.400000	13.000000	2037750.509760
0.200000	0.800000	13.000000	2179686.112392
0.800000	0.000000	12.500000	2216445.997855
0.800000	2.000000	12.500000	2216445.997855
1.200000	0.000000	12.500000	2228366.451892
1.200000	2.000000	12.500000	2228366.451892
1.800000	1.200000	13.000000	2257876.148343
2.000000	0.800000	12.000000	2269116.879474
0.000000	0.800000	12.000000	2275019.517142
0.000000	1.200000	12.000000	2275019.517142
1.600000	0.200000	13.500000	2330688.684716
1.400000	0.000000	12.500000	2344515.024077
1.400000	2.000000	12.500000	2344515.024077
1.400000	0.800000	13.500000	2379776.483505
0.600000	1.400000	12.500000	2384495.943021
0.400000	1.800000	13.500000	2715334.657517
1.200000	1.200000	13.500000	2968811.700650
1.400000	0.600000	13.000000	3372174.557426
1.600000	1.600000	13.000000	3486914.006935
0.800000	0.400000	13.500000	3604652.085819
1.200000	1.600000	13.500000	3606693.849741
0.600000	0.800000	13.500000	3835253.511788
0.200000	0.400000	12.500000	4046855.199988
1.400000	1.200000	13.500000	4143425.653772
1.400000	1.000000	13.500000	4284500.110441
0.400000	0.200000	12.500000	4331881.948675
1.800000	1.400000	13.000000	4833813.294251
1.600000	0.600000	13.000000	4841694.348138
0.800000	0.600000	13.500000	4973079.607463
1.200000	1.400000	13.500000	5044122.389128
0.200000	0.600000	12.500000	5174569.109400
0.400000	1.200000	12.500000	5225895.416460
1.200000	0.600000	12.500000	5623239.387169
1.600000	1.800000	13.000000	5765476.403988
0.000000	1.000000	12.000000	6194453.390147
1.000000	0.200000	13.000000	6219562.234244
1.000000	1.800000	13.000000	6222159.962790
0.200000	1.400000	12.500000	6459263.606149
1.200000	1.000000	13.500000	6591733.397274
1.000000	0.000000	12.500000	6646490.780078
1.000000	2.000000	12.500000	6646490.780078
2.000000	1.000000	12.000000	6681635.299357
0.600000	0.000000	12.000000	7093123.781353
0.600000	2.000000	12.000000	7093123.781353
2.000000	0.600000	12.000000	7328666.341338
0.600000	1.000000	13.000000	7593891.133548
0.000000	0.600000	12.000000	7620367.979391
0.000000	1.400000	12.000000	7620367.979391
2.000000	0.400000	13.000000	8292934.784219
0.600000	0.600000	13.500000	8521374.535439
1.400000	1.400000	13.500000	8530177.678086
1.200000	0.200000	12.500000	9181190.562526
0.800000	1.800000	12.500000	9202043.189678
0.000000	0.400000	13.000000	9672078.677342
0.000000	1.600000	13.000000	9672078.677342
0.800000	0.200000	13.000000	9692382.914937
1.200000	1.800000	13.000000	9692828.191788
1.000000	0.600000	13.000000	9845736.712609
1.200000	0.400000	12.500000	10050236.157042
0.800000	1.600000	12.500000	10625837.745545
0.400000	1.400000	12.500000	11180355.011076
0.400000	1.000000	13.000000	12091638.317827
0.800000	1.000000	12.500000	12293805.492613
1.800000	0.800000	12.500000	12802902.559647
0.000000	0.800000	11.500000	13132528.404029
0.000000	1.200000	11.500000	13132528.404029
2.000000	0.800000	11.500000	13262600.828272
1.400000	0.200000	12.500000	13328478.472850
1.600000	0.000000	13.000000	14585689.847720
1.600000	2.000000	13.000000	14585689.847720
1.000000	1.400000	13.000000	15355834.547005
0.600000	1.800000	12.500000	15370741.266201
0.400000	0.000000	13.000000	15632072.511869
0.400000	2.000000	13.000000	15632072.511869
2.000000	0.200000	13.500000	16427462.871034
2.000000	1.800000	13.500000	16717729.900053
1.800000	0.600000	12.500000	17331840.902169
1.000000	0.800000	12.500000	18605954.526201
0.000000	0.200000	13.500000	19164897.032185
0.000000	1.800000	13.500000	19164897.032185
1.600000	1.000000	13.000000	19436894.538196
1.800000	0.000000	13.500000	19648923.365927
1.800000	2.000000	13.500000	19648923.365927
0.600000	1.200000	12.000000	20202674.398903
0.600000	0.200000	12.500000	21379226.789466
1.400000	1.800000	12.500000	22383933.378065
1.800000	0.200000	13.500000	22676826.063560
1.400000	0.400000	12.500000	22682260.464592
0.200000	0.000000	13.500000	22848953.430817
0.200000	2.000000	13.500000	22848953.430817
0.600000	1.600000	12.500000	26202453.349510
1.600000	0.400000	13.000000	26220333.714021
0.200000	1.800000	13.500000	26453317.227604
0.400000	0.200000	12.000000	26593704.878632
0.800000	2.000000	12.000000	30057647.275303
0.800000	0.000000	12.000000	30057647.275304
1.200000	0.000000	12.000000	30115503.693126
1.200000	2.000000	12.000000	30115503.693126
0.400000	1.600000	13.000000	30528856.938604
0.600000	0.000000	11.500000	30565587.779577
0.600000	2.000000	11.500000	30565587.779577
1.000000	0.400000	13.000000	31115180.577615
1.000000	1.600000	13.000000	31183547.577754
0.800000	0.800000	13.000000	31233147.009631
0.400000	0.400000	12.500000	32222764.801580
0.200000	0.400000	12.000000	32545197.341276
1.400000	0.000000	12.000000	35267774.227857
1.400000	2.000000	12.000000	35267774.227857
0.200000	0.200000	13.000000	37108103.621652
0.200000	1.000000	12.500000	37516850.012955
0.600000	1.400000	12.000000	37627278.227572
1.000000	1.000000	13.000000	37702414.482489
1.800000	1.000000	12.500000	37987727.241930
0.200000	1.200000	12.000000	40816880.708268
0.400000	0.600000	13.000000	43982935.943834
1.600000	1.400000	13.000000	44037144.144629
2.000000	1.200000	12.500000	44090293.009691
0.000000	1.000000	11.500000	46820749.474315
0.200000	0.600000	12.000000	47801093.389827
0.200000	0.800000	12.500000	49911058.703837
1.800000	1.200000	12.500000	50680375.470878
2.000000	1.000000	11.500000	51177074.504892
1.600000	0.800000	13.000000	51384438.133920
1.200000	0.800000	13.000000	52227075.977419
0.800000	1.400000	12.500000	53234686.083932
1.800000	0.400000	13.000000	61574826.631306
2.000000	1.400000	13.000000	62616168.446742
0.200000	1.600000	13.000000	71809146.965239
0.000000	0.800000	11.000000	72966700.564583
0.000000	1.200000	11.000000	72966700.564583
2.000000	0.800000	11.000000	74217821.963053
2.000000	0.600000	11.500000	79526508.657785
0.000000	0.600000	11.500000	82802648.049047
0.000000	1.400000	11.500000	82802648.049048
1.600000	1.600000	12.500000	83575756.386520
1.400000	1.600000	13.000000	90512438.674367
0.600000	0.400000	13.000000	90540762.118448
0.800000	1.200000	12.500000	95925529.355394
2.000000	0.000000	13.500000	98358827.561789
2.000000	2.000000	13.500000	98358827.561789
0.600000	0.000000	11.000000	99495448.558726
0.600000	2.000000	11.000000	99495448.558728
1.800000	1.600000	13.000000	103996756.704319
1.800000	1.800000	13.000000	106799128.458787
1.600000	0.200000	13.000000	112082674.438218
0.400000	0.800000	13.000000	113456581.368519
1.600000	1.200000	13.000000	113553059.068701
0.200000	1.400000	12.000000	114082967.632211
0.000000	0.000000	13.500000	114731935.691932
0.000000	2.000000	13.500000	114731935.691932
1.200000	0.600000	12.000000	115031983.302632
0.000000	1.000000	7.500000	117035709.270801
0.400000	0.200000	11.500000	118985856.595803
2.000000	1.000000	7.500000	126679235.158460
0.400000	1.800000	13.000000	130710109.762275
1.000000	2.000000	12.000000	161006012.896368
1.000000	0.000000	12.000000	161006012.896371
0.400000	1.200000	12.000000	170095578.201467
1.000000	1.200000	13.000000	173305193.788964
1.400000	0.200000	12.000000	217984480.611895
0.200000	0.600000	8.500000	230351469.708530
2.000000	0.400000	12.500000	243091458.883994
0.600000	1.800000	12.000000	251839390.695268
0.800000	1.000000	12.000000	255124317.616852
1.200000	0.400000	12.000000	271460047.022297
0.200000	0.400000	11.500000	274592387.842166
2.000000	1.600000	13.000000	276115892.433327
0.000000	0.400000	12.500000	283580915.754947
0.000000	1.600000	12.500000	283580915.754950
0.800000	1.600000	12.000000	286194214.668412
0.000000	1.000000	11.000000	294325225.629390
0.600000	0.000000	10.500000	305589356.648058
0.600000	2.000000	10.500000	305589356.648060
0.400000	1.400000	12.000000	306250075.940359
1.400000	0.600000	12.500000	308705249.779123
0.200000	0.600000	11.500000	324387012.140413
1.800000	1.400000	12.500000	325298190.734587
2.000000	1.000000	11.000000	325468975.792850
0.400000	0.200000	11.000000	330584605.225267
1.000000	0.800000	12.000000	347929241.508782
0.000000	0.800000	8.000000	348279631.784755
0.000000	1.200000	8.000000	348279631.784756
2.000000	0.800000	8.000000	355874863.545406
1.200000	0.200000	12.000000	361742400.607451
0.800000	1.800000	12.000000	362239153.521913
0.000000	0.800000	10.500000	370135071.594348
0.000000	1.200000	10.500000	370135071.594351
2.000000	0.800000	10.500000	375410542.995219
0.800000	0.400000	13.000000	392686074.319282
1.200000	1.600000	13.000000	392749595.712293
0.600000	1.200000	11.500000	396851235.247284
0.600000	0.800000	13.000000	441362304.700583
1.400000	1.200000	13.000000	455330761.341369
0.600000	0.200000	12.000000	463835236.215862
1.000000	0.200000	12.500000	466284378.411624
1.000000	1.800000	12.500000	466517378.780941
0.400000	0.000000	12.500000	473699022.828214
0.400000	2.000000	12.500000	473699022.828224
1.400000	1.800000	12.000000	477415031.717023
0.000000	1.000000	8.000000	489936790.251499
1.600000	2.000000	12.500000	496261330.601694
1.600000	0.000000	12.500000	496261330.601700
0.400000	0.200000	10.000000	519144411.647557
2.000000	1.000000	8.000000	530162919.955301
0.400000	0.200000	10.500000	535728382.095317
0.600000	1.000000	12.500000	540941166.892194
1.200000	2.000000	11.500000	560005629.421113
1.200000	0.000000	11.500000	560005629.421121
0.800000	2.000000	11.500000	560066501.639913
0.800000	0.000000	11.500000	560066501.639922
0.400000	0.400000	12.000000	560241172.724333
0.600000	0.000000	7.500000	567681195.034477
0.600000	2.000000	7.500000	567681195.034478
1.000000	0.600000	12.500000	576339135.152236
1.800000	0.800000	12.000000	587817938.829394
1.200000	1.200000	13.000000	590164430.103264
0.800000	0.600000	13.000000	649232176.007968
1.200000	1.400000	13.000000	651356450.873250
1.600000	1.800000	12.500000	685171386.070015
1.200000	1.800000	12.500000	693206172.989261
0.800000	0.200000	12.500000	693449051.475045
1.400000	0.800000	13.000000	732172510.350771
1.600000	0.600000	12.500000	788720384.998221
1.400000	0.400000	12.000000	815552450.748067
0.600000	1.400000	11.500000	874574714.989236
0.600000	1.600000	12.000000	947781230.730640
0.200000	0.600000	10.000000	1008445049.521568
2.000000	0.600000	11.000000	1105054645.097097
0.200000	0.600000	11.000000	1129582787.869832
1.400000	2.000000	11.500000	1149749336.261161
1.400000	0.000000	11.500000	1149749336.261163
0.000000	0.600000	11.000000	1184607333.205711
0.000000	1.400000	11.000000	1184607333.205731
0.600000	0.000000	10.000000	1239246071.345610
0.600000	2.000000	10.000000	1239246071.345611
0.000000	0.800000	8.500000	1263278122.577018
0.000000	1.200000	8.500000	1263278122.577021
0.000000	1.000000	10.500000	1271952342.255927
2.000000	0.800000	8.500000	1277366696.484340
0.400000	1.000000	12.500000	1351350386.343309
0.000000	0.800000	10.000000	1366726087.529358
0.000000	1.200000	10.000000	1366726087.529366
2.000000	0.800000	10.000000	1378440708.969049
2.000000	1.000000	10.500000	1411865970.973656
1.800000	0.600000	12.000000	1417600287.458729
0.000000	1.000000	8.500000	1523677040.174119
0.200000	1.200000	11.500000	1563203784.778501
0.200000	0.600000	10.500000	1573343805.003235
1.400000	1.400000	13.000000	1573971322.040725
0.600000	0.600000	13.000000	1574371410.100285
0.200000	0.200000	12.500000	1636445427.785337
2.000000	1.000000	8.500000	1646557742.140641
1.400000	1.000000	13.000000	1698375130.749728
1.000000	1.400000	12.500000	1703286016.407762
0.200000	0.800000	12.000000	1833561673.753160
1.800000	1.200000	12.000000	1839205701.911720
1.600000	1.000000	12.500000	2096322571.559990
0.200000	0.400000	11.000000	2289971665.134513
0.200000	1.000000	12.000000	2350265654.033952
1.800000	1.000000	12.000000	2351223055.779060
2.000000	0.200000	13.000000	2583263997.110577
2.000000	1.800000	13.000000	2601388419.747418
0.000000	0.800000	9.000000	2678474672.241122
0.000000	1.200000	9.000000	2678474672.241148
2.000000	0.800000	9.000000	2695482466.321480
0.000000	0.800000	9.500000	2780157257.521605
0.000000	1.200000	9.500000	2780157257.521632
2.000000	0.800000	9.500000	2796130826.895298
0.600000	2.000000	8.000000	2820256573.254360
0.600000	0.000000	8.000000	2820256573.254361
0.000000	0.200000	13.000000	3013801713.119911
0.000000	1.800000	13.000000	3013801713.119939
1.600000	0.400000	12.500000	3074229947.666789
0.000000	1.000000	10.000000	3181287125.839154
0.000000	1.000000	9.000000	3239402468.306640
1.800000	2.000000	13.000000	3372083142.407424
1.800000	0.000000	13.000000	3372083142.407471
2.000000	1.000000	9.000000	3507120627.178472
2.000000	1.000000	10.000000	3509151525.206204
0.400000	1.600000	12.500000	3585623842.613882
0.200000	1.400000	11.500000	3858038775.581640
1.600000	1.600000	12.000000	3893641543.651612
0.200000	0.000000	13.000000	3931688758.502065
0.200000	2.000000	13.000000	3931688758.502123
1.400000	0.200000	11.500000	3960264684.895645
0.800000	0.800000	12.500000	4251180482.023265
0.000000	1.000000	9.500000	4280821526.123695
0.600000	1.800000	11.500000	4571145298.241510
0.600000	2.000000	9.500000	4632601047.918931
0.600000	0.000000	9.500000	4632601047.918938
2.000000	1.000000	9.500000	4670809807.900824
1.600000	1.400000	12.500000	4811878128.330200
0.400000	0.600000	12.500000	4818068975.851373
1.200000	1.000000	13.000000	4904409799.969005
1.000000	0.800000	11.500000	5563712610.448171
1.200000	0.600000	11.500000	5597394065.307183
1.000000	0.400000	12.500000	5834736167.478745
1.000000	1.600000	12.500000	5842541882.116837
1.800000	0.200000	13.000000	6012829054.039195
2.000000	1.200000	12.000000	6060933880.828648
0.200000	1.800000	13.000000	7014930916.149896
0.800000	1.000000	11.500000	7288272404.331732
1.000000	2.000000	11.500000	7326056916.936715
1.000000	0.000000	11.500000	7326056916.936868
0.400000	0.400000	11.500000	7349082003.031759
0.600000	2.000000	8.500000	7857712416.629847
0.600000	0.000000	8.500000	7857712416.629864
0.600000	2.000000	9.000000	9342048734.602999
0.600000	0.000000	9.000000	9342048734.603027
1.800000	0.400000	12.500000	10032424315.669210
0.600000	0.200000	11.500000	10806637947.702404
1.400000	1.800000	11.500000	10972327723.554453
0.600000	1.200000	11.000000	11538020702.776951
0.200000	1.600000	12.500000	11704099119.773663
0.200000	0.400000	10.500000	13131292692.595619
1.200000	0.400000	11.500000	13441125067.927649
0.800000	1.600000	11.500000	14198272571.249805
2.000000	0.400000	12.000000	14362088011.234241
0.400000	1.200000	11.500000	14767280631.896225
1.000000	1.000000	12.500000	16373464790.172827
2.000000	0.600000	10.500000	16459560841.482512
0.000000	0.400000	12.000000	16755546850.964367
0.000000	1.600000	12.000000	16755546850.964563
0.400000	1.400000	11.500000	17024235313.426449
1.400000	2.000000	7.500000	17157089880.994987
1.400000	0.000000	7.500000	17157089880.995127
1.200000	2.000000	11.000000	17893754716.789268
1.200000	0.000000	11.000000	17893754716.789787
0.800000	2.000000	11.000000	17912555975.972824
0.800000	0.000000	11.000000	17912555975.973026
0.000000	0.600000	10.500000	18321357221.402412
0.000000	1.400000	10.500000	18321357221.402756
0.800000	1.400000	12.000000	18590767755.476112
1.400000	1.600000	12.500000	21117169183.843189
0.600000	0.400000	12.500000	21141662602.074505
0.800000	1.200000	12.000000	22230505128.614311
0.400000	0.000000	12.000000	22908997527.944977
0.400000	2.000000	12.000000	22908997527.945629
1.600000	0.200000	12.500000	24573724971.218254
0.400000	1.800000	12.500000	28668400658.954929
0.600000	1.400000	11.000000	30348043621.569115
1.200000	0.800000	12.500000	32548015843.783409
0.400000	0.400000	11.000000	36709282945.535347
1.200000	0.200000	11.500000	44088044546.584671
0.800000	1.800000	11.500000	44177573620.705772
1.600000	1.200000	12.500000	50308919343.454712
0.400000	0.800000	12.500000	50367358410.882088
1.800000	0.800000	11.500000	59338324965.217865
1.400000	0.200000	11.000000	61526188060.783615
1.600000	0.800000	12.500000	64153480623.025780
1.400000	0.000000	11.000000	65375377867.227173
1.400000	2.000000	11.000000	65375377867.227280
1.400000	0.400000	11.500000	68218767170.305870
0.600000	1.800000	7.500000	70272837534.541214
0.600000	1.800000	11.000000	70368079671.739227
1.600000	0.000000	12.000000	73991942353.377029
1.600000	2.000000	12.000000	73991942353.377625
0.600000	1.600000	11.500000	79488853951.139740
1.800000	1.400000	12.000000	93632723215.498688
2.000000	0.000000	13.000000	97836690765.933563
2.000000	2.000000	13.000000	97836690765.933563
2.000000	1.400000	12.500000	100088128398.861984
1.800000	1.200000	11.500000	100706741720.931030
0.200000	0.800000	11.500000	100904451066.597672
0.000000	0.000000	13.000000	114142482575.674286
0.000000	2.000000	13.000000	114142482575.674286
0.200000	1.200000	11.000000	132844271907.392258
1.000000	0.600000	12.000000	141255436945.440613
0.200000	0.200000	12.000000	141700635178.966583
0.600000	0.200000	11.000000	165768415841.115143
1.400000	1.800000	11.000000	166975635486.849091
2.000000	0.600000	10.000000	192123670068.249451
1.800000	1.800000	12.500000	197711903303.808319
1.800000	1.600000	12.500000	216001214478.733673
0.000000	0.600000	10.000000	219568007777.458893
0.000000	1.400000	10.000000	219568007777.464783
1.400000	0.600000	12.000000	232992109222.364410
0.800000	1.000000	11.000000	252561118638.556396
0.600000	1.000000	12.000000	273904166152.393555
1.000000	0.200000	12.000000	291012535884.458679
1.000000	1.800000	12.000000	291273837046.131226
1.200000	1.800000	12.000000	297044022952.516724
0.800000	0.200000	12.000000	297305237965.111816
1.600000	1.600000	11.500000	316611279710.716553
0.600000	1.200000	10.500000	476271233461.166077
1.400000	2.000000	8.000000	533272741082.945801
1.400000	0.000000	8.000000	533272741082.958069
1.800000	1.000000	11.500000	543743897541.964172
0.200000	1.000000	11.500000	545080354201.248962
0.200000	1.400000	11.000000	563129366987.467773
1.400000	0.200000	10.500000	576210961333.183838
0.600000	1.800000	8.000000	606514336100.212402
0.600000	1.800000	10.500000	621230243366.400391
1.400000	0.200000	8.000000	646173199990.766846
1.000000	2.000000	11.000000	763926480461.899658
1.000000	0.000000	11.000000	763926480461.924683
0.800000	0.400000	12.500000	837086421066.863892
1.200000	1.600000	12.500000	837240026937.806763
1.600000	1.800000	12.000000	1126854656100.320557
1.000000	1.200000	12.500000	1137302521172.060547
0.600000	0.800000	12.500000	1148147288294.309814
1.400000	1.200000	12.500000	1150756007738.616943
0.600000	1.400000	8.000000	1200228335153.908936
2.000000	0.600000	9.500000	1221912228632.263916
1.800000	0.600000	11.500000	1230828360405.709229
0.400000	0.000000	11.500000	1257103130758.118896
0.400000	2.000000	11.500000	1257103130758.187744
1.200000	0.400000	11.000000	1320713765288.579834
1.200000	2.000000	7.500000	1381278557772.733398
1.200000	0.000000	7.500000	1381278557772.823486
0.800000	2.000000	7.500000	1382891358710.465332
0.800000	0.000000	7.500000	1382891358710.474854
1.200000	2.000000	10.500000	1384213959991.552734
1.200000	0.000000	10.500000	1384213959991.624756
0.800000	2.000000	10.500000	1386578290079.525879
0.800000	0.000000	10.500000	1386578290079.536133
0.600000	1.400000	10.500000	1402301738149.493896
0.000000	0.600000	9.500000	1414349069332.112061
0.000000	1.400000	9.500000	1414349069332.154297
0.800000	1.600000	11.000000	1419887215372.537598
1.200000	0.600000	11.000000	1589091440739.859131
0.400000	1.000000	12.000000	2373266818205.880859
0.800000	0.600000	12.500000	2401486914932.045898
1.200000	1.400000	12.500000	2404972287796.947266
0.400000	1.400000	11.000000	2498046093104.987793
1.600000	1.000000	12.000000	2764907023825.906250
2.000000	0.600000	8.500000	2890934120790.851074
2.000000	0.600000	9.000000	3156622110592.903809
0.000000	0.600000	8.500000	3368445380651.159180
0.000000	1.400000	8.500000	3368445380651.263672
1.600000	1.400000	12.000000	3455086019729.274902
0.400000	0.600000	12.000000	3465807130025.279297
0.000000	0.600000	9.000000	3671748563468.311035
0.000000	1.400000	9.000000	3671748563468.423340
1.400000	2.000000	10.500000	4055151003605.037109
1.400000	0.000000	10.500000	4055151003605.101074
2.000000	1.600000	12.500000	4062692509144.572754
1.000000	2.000000	7.500000	4114381442527.893066
1.000000	0.000000	7.500000	4114381442528.058105
2.000000	0.400000	11.500000	4183226748961.500488
0.000000	0.400000	11.500000	4880429088779.091797
0.000000	1.600000	11.500000	4880429088779.218750
1.600000	0.600000	12.000000	5137531844285.664062
1.800000	1.200000	11.000000	5287783811353.509766
0.200000	0.800000	11.000000	5309720469343.708008
1.600000	0.400000	12.000000	5473726096004.231445
2.000000	1.200000	11.500000	5706219037429.945312
0.400000	1.600000	12.000000	6385989353361.480469
0.400000	1.200000	11.000000	7071663477894.046875
0.800000	0.800000	12.000000	8998440799029.003906
1.000000	1.400000	12.000000	10214103917602.751953
2.000000	0.200000	12.500000	12408222233438.597656
2.000000	1.800000	12.500000	12416377203173.621094
0.000000	0.200000	12.500000	14476259222551.781250
0.000000	1.800000	12.500000	14476259222551.890625
1.400000	1.400000	12.500000	16705300175265.066406
0.600000	1.600000	7.500000	16707541306545.525391
0.600000	0.600000	12.500000	16721697126250.876953
1.200000	1.200000	12.500000	18586178672084.964844
1.400000	0.400000	11.000000	19159140107800.980469
1.800000	2.000000	12.500000	19940081359705.097656
1.800000	0.000000	12.500000	19940081359705.386719
0.600000	1.600000	11.000000	22344695140067.570312
0.200000	0.000000	12.500000	23263169509558.519531
0.200000	2.000000	12.500000	23263169509559.503906
0.600000	1.200000	10.000000	23974197243677.839844
0.200000	1.200000	10.500000	31042714008025.519531
1.800000	0.400000	12.000000	38647260000917.015625
1.200000	0.200000	11.000000	44999688685944.359375
0.200000	1.600000	12.000000	45088461527057.195312
0.800000	1.800000	11.000000	45182446635986.281250
1.000000	0.400000	12.000000	45789718210004.929688
1.000000	1.600000	12.000000	45931127094385.289062
0.600000	1.400000	8.500000	47240852188042.773438
1.400000	0.800000	12.500000	53738592243275.476562
0.600000	1.400000	10.000000	54865585003627.906250
0.800000	1.200000	11.500000	71327216695384.343750
1.400000	2.000000	10.000000	114407127048418.015625
1.400000	0.000000	10.000000	114407127048419.359375
1.400000	1.600000	12.000000	151407406546677.687500
0.600000	0.400000	12.000000	151896413698682.250000
1.600000	0.200000	12.000000	186952149133721.375000
0.400000	1.800000	12.000000	218110809579738.531250
1.000000	2.000000	10.500000	221571665704821.062500
1.000000	0.000000	10.500000	221571665704834.156250
1.200000	2.000000	10.000000	225497748236422.531250
1.200000	0.000000	10.000000	225497748236444.093750
0.800000	2.000000	10.000000	226096271279394.906250
0.800000	0.000000	10.000000	226096271279397.437500
1.200000	2.000000	8.000000	238212251795844.875000
1.200000	0.000000	8.000000	238212251795868.093750
0.800000	2.000000	8.000000	238696807703034.437500
0.800000	0.000000	8.000000	238696807703036.375000
1.800000	0.200000	12.500000	242226364819352.656250
0.200000	1.800000	12.500000	282597425116016.875000
1.800000	1.000000	7.500000	338225428498655.812500
0.200000	1.000000	7.500000	340195874343307.750000
1.400000	1.000000	12.500000	412096649172159.562500
0.600000	1.400000	9.000000	582317116529127.250000
0.800000	1.400000	11.500000	598923912161303.125000
0.600000	1.400000	9.500000	620409214112445.750000
1.000000	1.000000	12.000000	703452432750851.500000
0.200000	1.200000	8.000000	726848300537751.875000
1.000000	2.000000	8.000000	1170652896102270.000000
1.000000	0.000000	8.000000	1170652896102357.750000
0.200000	1.400000	10.500000	1214678420479084.250000
1.800000	1.000000	11.000000	1355349086200587.500000
0.200000	1.000000	11.000000	1362950006446776.000000
0.400000	1.400000	10.500000	1370904314508492.750000
1.200000	0.800000	12.000000	7096340904919849.000000
1.600000	1.200000	12.000000	7336232711296603.000000
0.400000	0.800000	12.000000	7366667058215012.000000
1.200000	1.800000	11.500000	11648058034601190.000000
0.800000	0.200000	11.500000	11683315938876514.000000
1.600000	0.000000	11.500000	19355530088433084.000000
1.600000	2.000000	11.500000	19355530088434504.000000
0.200000	1.200000	10.000000	20615091810995908.000000
0.600000	1.600000	8.000000	27187471154972308.000000
1.200000	2.000000	9.500000	29749290471820548.000000
1.200000	0.000000	9.500000	29749290471824880.000000
0.800000	2.000000	9.500000	29865683349943392.000000
0.800000	0.000000	9.500000	29865683349943828.000000
1.200000	2.000000	8.500000	31664225719000516.000000
1.200000	0.000000	8.500000	31664225719005284.000000
0.800000	2.000000	8.500000	31772472675563776.000000
0.800000	0.000000	8.500000	31772472675564204.000000
1.400000	0.400000	10.500000	34705200485560900.000000
1.200000	1.000000	12.500000	37526308883089744.000000
0.600000	1.600000	10.500000	40487271965049456.000000
0.600000	1.000000	11.500000	43542274331739024.000000
1.000000	2.000000	10.000000	162621227173112096.000000
1.000000	0.000000	10.000000	162621227173129728.000000
1.000000	0.200000	11.500000	170385175142805984.000000
1.000000	1.800000	11.500000	170874599430540032.000000
0.400000	1.200000	10.500000	177137795012671072.000000
1.200000	2.000000	9.000000	293374453546602944.000000
1.200000	0.000000	9.000000	293374453546654720.000000
0.800000	2.000000	9.000000	294691210153972224.000000
0.800000	0.000000	9.000000	294691210153978240.000000
1.800000	0.600000	11.000000	496707214301121344.000000
0.200000	1.200000	8.500000	531382284028883328.000000
1.000000	2.000000	8.500000	701870765173546752.000000
1.000000	0.000000	8.500000	701870765173647232.000000
1.600000	0.800000	12.000000	3400157617345785856.000000
0.400000	1.400000	10.000000	3788210485567640576.000000
2.000000	0.000000	12.500000	7206249407392518144.000000
2.000000	2.000000	12.500000	7206249407392518144.000000
0.000000	0.000000	12.500000	8407290975282818048.000000
0.000000	2.000000	12.500000	8407290975282818048.000000
0.200000	1.200000	9.500000	11495016294416146432.000000
1.000000	2.000000	9.500000	58913476268240396288.000000
1.000000	0.000000	9.500000	58913476268251103232.000000
0.200000	1.200000	9.000000	64023593948904390656.000000
2.000000	1.400000	12.000000	91743392843950407680.000000
1.800000	1.600000	12.000000	1121505463891052199936.000000
1.600000	0.400000	11.500000	1619063042639091204096.000000
0.400000	1.000000	11.500000	1766409078011177992192.000000
0.400000	1.600000	11.500000	1888906883077941493760.000000
0.200000	1.400000	10.000000	3893156157508700602368.000000
0.800000	0.400000	12.000000	86388688376778945724416.000000
1.200000	1.600000	12.000000	86447988712743859388416.000000
1.800000	1.800000	12.000000	1458327491824811346231296.000000
0.400000	1.400000	8.000000	1983540127698549875933184.000000
0.600000	0.800000	12.000000	11141990701676010380722176.000000
1.400000	1.200000	12.000000	11206690133361542454837248.000000
0.400000	1.400000	9.500000	693608564656215055086387200.000000
